0 891654 1750601
1 523386 657916
2 907340 996322
3 557934 686689
4 707910 744219
5 737404 875396
6 878346 860230
7 621889 809875
8 540040 648344
9 535598 571861
10 495649 713997
11 761240 936955
12 585049 766963
13 777046 1041344
14 625811 690139
15 763438 912690
16 592167 726045
17 725706 853782
18 500857 576879
19 762330 939663
20 716927 861432
21 740193 858675
22 696181 792739
23 744000 851189
24 686514 716520
25 593454 682240
26 709480 820281
27 548593 629273
28 627204 692043
29 830413 916121
30 699975 736640
31 562566 648935
32 485047 465257
33 842336 976692
34 893871 1121948
35 727241 940814
36 546783 637820
