1 127983 71440
2 146160 105982
3 162812 112716
4 170413 136837
5 191400 156273
6 198586 163504
7 215969 168559
8 220838 188504
9 227451 197019
10 230141 215385
11 233160 233849
12 262568 239536
13 279623 261273
14 282289 280482
15 297280 296900
16 307598 316779
17 312548 321452
18 315342 340176
19 322587 348447
20 329962 367856
21 335569 372503
22 339964 393291
23 345538 398858
24 349568 422004
25 356422 442937
26 361897 447724
27 366142 467488
28 371036 486842
29 378928 507237
30 381052 524919
31 385414 529434
32 388278 547875
33 393141 568188
34 395602 586344
35 400477 590827
36 402755 609004
37 405354 627368
38 410531 647466
39 412457 664973
40 416685 669184
41 421310 672262
