3709 110053890 108215329
5185 126307823 159383570
6994 145811402 225768644
8738 179156014 316988266
9957 195108444 404348510
10637 206442096 474355584
11308 234532822 584809389
12078 249412730 687999335
12628 262331603 781700470
13415 280319411 909496819
13881 293235418 1010216108
14166 302477677 1085676078
14837 321456331 1206856884
15309 349044494 1338673779
15700 362899037 1449255490
15967 389183638 1615298811
16311 406805420 1756428882
16641 417438227 1848956175
17462 433524625 2000521862
17829 448391287 2118862300
18310 465240955 2281919893
18500 475908228 2391301915
18937 500919001 2545142824
19476 531931802 2732331721
19800 557256874 2922001083
19998 582275297 3114517951
20265 596056051 3267069863
20566 620371714 3452527913
20915 638575538 3647148120
21305 665121152 3855920614
21527 677100350 3991207718
21747 697561118 4166649167
22027 715134833 4363500736
22246 730786195 4517836683
22518 760284557 4734179217
22714 792180497 4965483656
22913 833719749 5247566323
