3019 114533331 60634034
5429 142363495 118371640
7523 173906824 208233620
8893 201692580 289209282
9673 214586031 354069154
10440 238585583 476930057
11278 278343192 623713728
11887 301656885 745844062
12744 326729320 868529610
13239 355154343 1013641007
13544 367211593 1092190731
14243 381377715 1197731472
14737 398672962 1334592001
15148 422842139 1448286506
15427 436069404 1553149205
15784 451405904 1686685743
16133 461695496 1776299573
16970 478256658 1923297752
17357 489242827 2026079493
17857 523768407 2238149587
18052 547997163 2394764167
18512 564457500 2536379848
19071 592437571 2717044304
19402 646979669 2916994303
19608 685232189 3087570491
19884 715644166 3293131349
20195 729715791 3435999542
20553 747352341 3627602868
20956 763826204 3807577666
21184 775972150 3941035971
21414 792063278 4108023474
21701 816315230 4318135578
21929 827082124 4440161161
22202 842031020 4602056212
22401 856627203 4772179831
22607 876336492 4998118035
