0 775115 1053792
1 174066 231298
2 447035 598591
3 416709 497732
4 293018 490674
5 370721 520634
6 461403 591360
7 332083 489684
8 379030 541932
9 188200 358806
10 383135 534913
11 284874 391167
12 449027 608468
13 471770 603870
14 254258 368070
15 344288 469277
16 416978 582021
17 336185 484590
18 572360 770291
19 357656 492031
20 527271 713538
21 318718 456819
22 401779 552179
23 570419 720949
24 494520 608963
25 400810 511579
26 393285 532503
27 387328 541222
28 518500 653931
29 483767 646823
30 390500 525171
31 399300 551518
32 206998 358290
33 368511 525296
34 480938 651503
35 456979 602349
36 519124 674730
