0 486647 629631
1 1208996 1465153
2 2189406 2613980
3 2651887 3343052
4 3349025 4328937
5 4182768 5424136
6 5120469 6641220
7 6180158 7945088
8 6854097 8930620
9 7695501 10062511
10 8673829 11298020
11 9679909 12583126
12 10438016 13611788
13 11298524 14744556
14 12237982 15977765
15 13261658 17263322
16 14078890 18455527
17 15001788 19725644
18 16121828 21201438
19 17305304 22742375
20 18622661 24394891
21 19683840 26083152
22 20840696 27668343
23 22131399 29354371
24 23504912 31101321
25 24714088 32857461
26 25991221 34689369
27 27342983 36493371
28 28673963 38385246
29 30064639 40293120
30 31521267 42207720
31 32999582 44137412
32 34456095 46080314
33 35947645 48080709
34 37481715 50143317
35 38985662 52235497
36 40537299 54329360
