0 1501393 1550237
1 4210488 4444811
2 7519163 7724383
3 11905538 12046330
4 16855559 18291001
5 20175048 22235000
6 23929391 26692237
7 28040712 31672381
8 32427204 37431601
9 37553642 41710802
10 42061091 46584865
11 46715459 53592422
12 51668666 61335952
13 56955405 69489091
14 62486966 75955842
15 67799561 82182011
16 73294254 90471755
17 78982839 99066445
18 85223437 106271436
19 91692864 112989284
20 97994582 120432125
21 104392920 130281148
22 110964015 137418635
23 118070772 147721309
24 125091770 159336116
25 132148078 167180294
26 139339741 175236557
27 146802892 183440983
28 154182572 191957990
29 161724596 200423855
30 169498614 209198963
31 177448056 217576713
32 185313481 226229111
33 193268566 235195090
34 201475153 244320165
35 209606389 253544886
36 217964781 262855572
