0 9416770 6720670
1 1914505 3046385
2 5671765 4322171
3 2664338 3694743
4 2229934 2530611
5 2107361 2455636
6 2672700 3205425
7 2404504 3010420
8 1789979 2008010
9 1462964 1672115
10 1560531 1869130
11 1179024 1484309
12 2194437 2645480
13 1152704 1185635
14 1672077 2289948
15 1469557 1762229
16 1722257 2404495
17 1407307 2163700
18 1788284 2481247
19 1601181 2341587
20 2006273 2692169
21 1325215 1860555
22 1946822 2775305
23 2534229 2639411
24 1132710 1227476
25 1502240 1948362
26 1672967 2182636
27 1646599 2014489
28 2056693 2528872
29 1913325 2046006
30 1541927 1838290
31 1193662 1272661
32 1843645 2353925
33 1480829 1737916
34 1866882 2213567
35 1758473 1960493
36 1972828 2152463
