0 1866000 2222000
1 756000 1315000
2 1137000 1946000
3 634000 746000
4 376000 538000
5 837000 956000
6 240000 518000
7 694000 923000
8 304000 577000
9 797000 985000
10 1065000 1095000
11 512000 772000
12 880000 1037000
13 610000 806000
14 401000 614000
15 367000 648000
16 824000 983000
17 639000 857000
18 443000 672000
19 513000 773000
20 545000 757000
21 257000 482000
22 404000 660000
23 445000 726000
24 675000 905000
25 331000 573000
26 1026000 1125000
27 768000 960000
28 370000 537000
29 461000 723000
30 447000 712000
31 523000 768000
32 421000 700000
33 841000 1038000
34 478000 744000
35 313000 517000
36 724000 881000
