0 699000 752000
1 1869000 1896000
2 2787000 2972000
3 3642000 3928000
4 4728000 5078000
5 5887000 6290000
6 6921000 7487000
7 8228000 8874000
8 9449000 10277000
9 10785000 11695000
10 12025000 13182000
11 13390000 14715000
12 14856000 16312000
13 16300000 17954000
14 17854000 19654000
15 19386000 22775000
16 20905000 24386000
17 22494000 26192000
18 24250000 28161000
19 26047000 30501000
20 27735000 32570000
21 29717000 35250000
22 31563000 37797000
23 33512000 41179000
24 35627000 44199000
25 38138000 47532000
26 41238000 52474000
27 43660000 55609000
28 46483000 58908000
29 49068000 62179000
30 51797000 65402000
31 54871000 69207000
32 57633000 72493000
33 60468000 76041000
34 63416000 79572000
35 66405000 83270000
36 69300000 86940000
