0 324000 5680000
1 263000 2196000
2 323000 1851000
3 314000 1756000
4 347000 1799000
5 259000 1570000
6 315000 1675000
7 441000 2133000
8 264000 1589000
9 275000 1692000
10 326000 1831000
11 822000 4096000
12 441000 2378000
13 268000 1501000
14 315000 1751000
15 227000 1082000
16 308000 1886000
17 268000 1929000
18 295000 1691000
19 331000 1627000
20 230000 1446000
21 291000 2605000
22 252000 1458000
23 241000 1507000
24 267000 1808000
25 363000 2454000
26 294000 1643000
27 299000 2031000
28 259000 1806000
29 233000 1456000
30 330000 1885000
31 258000 1473000
32 274000 1585000
33 490000 1897000
34 247000 1410000
35 208000 1157000
36 605000 3686000
