0 1719000 11777000
1 2287000 15881000
2 4145000 21685000
3 5376000 28539000
4 6380000 34101000
5 8206000 41549000
6 9469000 49125000
7 11144000 57637000
8 12788000 66361000
9 14584000 75789000
10 17204000 86702000
11 19298000 97727000
12 21701000 109673000
13 24412000 122354000
14 26665000 135534000
15 28969000 148678000
16 31323000 161809000
17 33955000 176155000
18 36691000 192384000
19 39540000 208218000
20 42225000 223531000
21 45164000 239973000
22 48176000 255879000
23 51033000 273771000
24 53921000 290846000
25 56986000 308680000
26 59999000 328961000
27 63134000 346263000
28 66243000 364093000
29 69472000 388910000
30 72639000 407761000
31 75950000 427365000
32 79139000 446273000
33 82701000 468633000
34 87239000 487288000
35 90624000 506833000
36 94019000 525667000
