0 1650000 2422000
1 2542000 3552000
2 4899000 6016000
3 6172000 7679000
4 7185000 9341000
5 9802000 11584000
6 11153000 13535000
7 12860000 15710000
8 14426000 18215000
9 16506000 20487000
10 20141000 24497000
11 22219000 26899000
12 25366000 29942000
13 27520000 32616000
14 29912000 35612000
15 32304000 38569000
16 35819000 41624000
17 38356000 44687000
18 41153000 47857000
19 43922000 51162000
20 46751000 54308000
21 49550000 57610000
22 52553000 61168000
23 55544000 64609000
24 58660000 68462000
25 61906000 72007000
26 65262000 75732000
27 68517000 79361000
28 71802000 83168000
29 74934000 86707000
30 78202000 90439000
31 81390000 94404000
32 85895000 99279000
33 89367000 103148000
34 93226000 107190000
35 96646000 111195000
36 100259000 115414000
