0 3732000 2775000
1 531000 773000
2 1698000 2214000
3 609000 807000
4 338000 522000
5 652000 1001000
6 240000 383000
7 708000 873000
8 334000 544000
9 829000 893000
10 1076000 1661000
11 523000 709000
12 900000 1061000
13 654000 816000
14 353000 533000
15 428000 644000
16 1001000 1039000
17 669000 925000
18 480000 673000
19 615000 749000
20 588000 690000
21 254000 677000
22 474000 713000
23 559000 665000
24 698000 927000
25 397000 589000
26 630000 831000
27 878000 1083000
28 546000 557000
29 735000 764000
30 550000 642000
31 496000 723000
32 385000 664000
33 922000 1053000
34 481000 748000
35 229000 422000
36 699000 876000
