0 1048938 1538575
1 1303563 2171372
2 1946526 3422196
3 2475493 4432553
4 2975763 5347555
5 3978130 6677833
6 4996050 8023008
7 5729381 9222923
8 6615731 10643084
9 7458382 12042974
10 8428019 13545482
11 9436142 15093684
12 11096230 17237907
13 12173790 18803054
14 13403815 20542995
15 14752075 22384759
16 16123710 24351363
17 17522889 26111643
18 19098009 28066660
19 20752099 30191103
20 22532351 32332818
21 24738250 34702629
22 27086995 37162785
23 28815127 39320047
24 30653909 41546428
25 32627714 43883863
26 34620472 46219477
27 36698605 48617849
28 38902094 51054007
29 40982833 53508123
30 43099827 55945028
31 45330575 58465596
32 47593670 61069113
33 50071276 63766413
34 52544013 66426835
35 55431845 69728939
36 57782575 72371955
