0 993122 1425952
1 149874 266720
2 341343 804017
3 234289 616320
4 203504 524257
5 218093 571887
6 295732 709078
7 211203 605308
8 202485 599017
9 178773 470220
10 201641 609879
11 151657 452540
12 306280 751438
13 291801 729421
14 206703 632758
15 176811 522285
16 219734 686945
17 179504 563179
18 213242 558301
19 202005 628756
20 256928 790351
21 167991 513529
22 203552 660712
23 362943 896428
24 293110 736637
25 156178 442435
26 214637 677327
27 196255 596306
28 261518 772966
29 247099 751933
30 195572 613363
31 206966 626529
32 234182 730038
33 190372 601537
34 246675 789619
35 228597 683153
36 256280 782577
