0 5199726 5979856
1 2160886 2377169
2 5508902 5245441
3 3209728 3034799
4 2794696 2807150
5 3905848 3915136
6 2261167 2322912
7 2630143 2664527
8 2013223 2017988
9 2767053 2859587
10 4009028 3966645
11 2929439 2975548
12 2559749 2435411
13 2529513 2496999
14 2472256 2468992
15 2006976 1639935
16 2468205 2415453
17 1951991 1994616
18 3311176 3154448
19 2612578 3966216
20 5334246 5131865
21 1700048 1579219
22 2232376 2345598
23 3021265 2936420
24 2521754 2427774
25 1987923 2011627
26 2267382 2300871
27 1924099 1872788
28 2934437 2841451
29 2694608 2649786
30 2182081 2209530
31 2288108 2278324
32 2281575 2204722
33 2093605 2117133
34 2703240 3025194
35 2535921 2456916
36 2837370 2769543
