0 5833033 6289744
1 2464186 3206930
2 5106577 5162122
3 3191084 3018958
4 2775671 2806170
5 3882448 3935221
6 2274299 2284043
7 2640367 2650550
8 2004026 2029214
9 2786574 2835068
10 4252202 4031187
11 2924836 2997346
12 2448760 2398575
13 2535199 2521440
14 2425815 2437091
15 2255625 1642046
16 2377502 2415546
17 1933568 1988168
18 3283108 3140732
19 2296531 3289375
20 5314671 5160701
21 2912132 1557785
22 2170965 2215121
23 3035858 2931721
24 2379340 2415928
25 2045743 2040060
26 2270216 2277943
27 1917380 1878767
28 2920200 2854678
29 2745266 2637369
30 2194725 2210027
31 2287645 2288471
32 2628073 3109423
33 2244300 2237628
34 2927158 3035617
35 2587273 2453146
36 2857622 2767199
