0 5777873 5721021
1 12515890 12570995
2 22461257 19340622
3 29561183 26260392
4 49694551 46242023
5 62294851 58191976
6 75939659 70595812
7 90432261 84130443
8 115258391 108188708
9 131393805 123360930
10 143089416 134743184
11 160461383 150255206
12 178546739 166951241
13 197229742 186358095
14 228608034 216507492
15 248646943 234962873
16 268600359 253438582
17 289052673 272359971
18 311149917 292515571
19 333970315 313728626
20 356779101 334712620
21 379916851 356357750
22 403505363 378097913
23 427883017 400626325
24 452795105 424208135
25 478110076 447659836
26 503782481 471388555
27 530034521 495515684
28 557741894 520896140
29 585041238 545965238
30 612626436 571101984
31 632916085 590589582
32 661804328 617386125
33 683300519 639852979
34 705469524 661000523
35 734972780 687936316
36 758256050 710103587
