1 76570 121086
2 115611 182547
3 124928 194607
4 140077 212490
5 148265 224496
6 156723 235040
7 162362 243433
8 182428 304030
9 189953 316700
10 197741 352846
11 204065 363562
12 209275 372150
13 214622 380947
14 220486 401922
15 226835 411569
16 231745 418897
17 237512 427122
18 243459 438620
19 248621 446815
20 255584 455250
21 261575 463598
22 266349 469925
23 272673 478795
24 277441 497342
25 281881 532109
26 291163 545371
27 297327 556102
28 303801 565383
29 309312 574195
30 315633 582814
31 320070 590854
32 326211 600103
33 331738 619966
34 335903 634977
