1 2820305 479349
2 2831067 725325
3 2839838 1013447
4 2851265 1543905
5 2864210 1955507
6 2878337 2286390
7 2895584 2850657
8 2908659 3095826
9 2918949 3735863
10 2931207 4187225
11 2942871 4629829
12 2954065 5090007
13 2962936 5545520
14 2972340 5820707
15 2996615 6204679
16 3006308 6546079
17 3015613 6870314
18 3023214 7109686
19 3030990 7205800
20 3039982 7315635
21 3049406 7389094
22 3056980 7592735
23 3064138 7735203
24 3070603 7819214
25 3078221 7942958
26 3090036 8087920
27 3099215 8283837
28 3108340 8372751
29 3117918 8531136
30 3127110 8693460
31 3136342 8817699
32 3144919 8982931
33 3152941 9139397
34 3164449 9288149
35 3175445 9473966
36 3188059 9606931
37 3198701 9719641
38 3207865 9953519
39 3216982 10098529
40 3227586 10213440
41 3237308 10355191
42 3247552 10491902
43 3255891 10694359
44 3264126 10762075
45 3273543 10828108
46 3287201 10906605
47 3297773 10986451
48 3306713 11070949
49 3316974 11130647
50 3328334 11214441
51 3339473 11274274
52 3349209 11371049
53 3360333 11446334
54 3369820 11518628
55 3380582 11594842
56 3390560 11664789
57 3399777 11747506
58 3409403 11806993
59 3418845 11905834
60 3429223 11984909
61 3437529 12063982
62 3445899 12123431
63 3459484 12208957
64 3467743 12270380
65 3475945 12333077
66 3485750 12405508
67 3493889 12483919
68 3501691 12584416
69 3511389 12650304
70 3520565 12767149
71 3529758 12950130
72 3538247 13032264
73 3547163 13114660
74 3557132 13194297
75 3566187 13263331
76 3573946 13321582
77 3582003 13401792
78 3590916 13488817
79 3603675 13575190
80 3614067 13648371
81 3625173 13717364
82 3637143 13865446
83 3648499 13934533
84 3659006 14021193
85 3669150 14090711
86 3680813 14162207
87 3691553 14242612
88 3700226 14362742
89 3709785 14436094
90 3717868 14515064
91 3728120 14581779
92 3736920 14677852
93 3745369 14767855
94 3767653 14853672
95 3776654 14947618
96 3787500 15021332
97 3796210 15087398
98 3805842 15155782
99 3814642 15223495
100 3823387 15314523
101 3832578 15401431
102 3842295 15471548
103 3850498 15560674
104 3858167 15651017
105 3866507 15736614
106 3876368 15814373
107 3884612 15916702
108 3893937 15988236
109 3902479 16054021
110 3910749 16139043
111 3919576 16224118
112 3928796 16402089
113 3937089 16511876
114 3948602 16579436
115 3957802 16693138
116 3965512 16779516
117 3975012 16893161
118 3985746 17017700
119 3995746 17090281
120 4008556 17246361
121 4017512 17324839
122 4026222 17452834
123 4034764 17514244
124 4045657 17590996
125 4065330 17715067
126 4070328 17779253
127 4080211 17856009
128 4088227 17921030
129 4093523 18011894
130 4099592 18084774
131 4106444 18210051
132 4113867 18256029
133 4120861 18297332
134 4126690 18405157
135 4131820 18421960
136 4136392 18428474
137 4142508 18480904
138 4148065 18605170
139 4153784 18610954
140 4159665 18733682
141 4164729 18859901
142 4170900 18977571
143 4192473 19171291
144 4198903 19215431
145 4205137 19249466
146 4211022 19351413
147 4216940 19414897
148 4223539 19517131
149 4228606 19625630
150 4235230 19688535
151 4239960 19694972
152 4244988 19712532
153 4249937 19821256
154 4254904 19854118
155 4259866 19994465
156 4264554 19999947
157 4269285 20004120
158 4273903 20072363
159 4278464 20170187
160 4284429 20205389
161 4289184 20343316
162 4295541 20392878
163 4301219 20397994
164 4306920 20523830
165 4312935 20570783
166 4317617 20694265
167 4322566 20715611
168 4326653 20721641
169 4330792 20725745
170 4336531 20777664
171 4342222 20873381
172 4347878 20935870
173 4352818 20940806
174 4357262 21042530
175 4363016 21090993
176 4368815 21120703
177 4374255 21234342
178 4378927 21295930
179 4384646 21407221
180 4389207 21413374
181 4393652 21427389
182 4402348 21508041
183 4407103 21512831
184 4411330 21521968
185 4415549 21526406
186 4420687 21542264
187 4425842 21623964
188 4431517 21630735
189 4437775 21700496
190 4442675 21791159
191 4454655 21843788
192 4461038 21848857
193 4466682 21861461
194 4471793 21865663
195 4476408 21869671
196 4480849 21873563
197 4485502 22014598
198 4490630 22020215
199 4496556 22032965
200 4502361 22089752
201 4506932 22096193
202 4512380 22119138
203 4516981 22125993
204 4522760 22140381
205 4527220 22272554
206 4531422 22291091
207 4536702 22297039
208 4542527 22370453
209 4548656 22414367
210 4555016 22519454
211 4560459 22654562
212 4565029 22813465
213 4571565 22884941
214 4576773 22891621
215 4581264 22897853
216 4586244 22903839
217 4592351 22960278
218 4596844 23127018
219 4602267 23176086
220 4607790 23199392
221 4612670 23215370
222 4617467 23221803
223 4621959 23248838
224 4627817 23264998
225 4633047 23277653
226 4637581 23292845
227 4643423 23313407
228 4648419 23319930
229 4652902 23387284
230 4659067 23401825
231 4665077 23422409
232 4670556 23435526
233 4675746 23441414
234 4679974 23471902
235 4686598 23492019
236 4692095 23520300
237 4699139 23533845
238 4703363 23545637
239 4707865 23557423
240 4713804 23580864
241 4719049 23596945
242 4724450 23618829
243 4730594 23633859
244 4736165 23655610
245 4742354 23668699
246 4748145 23694887
247 4753732 23722828
248 4760480 23749748
249 4766227 23769855
250 4771237 23803189
251 4778060 23828572
252 4784141 23835410
253 4791007 23861293
254 4797523 23882032
255 4843795 23890483
256 4850273 23903075
257 4856088 23924843
258 4865294 23936633
259 4870425 23948278
260 4874902 23959221
261 4879451 23986098
262 4883786 23999042
263 4887116 24014082
264 4891438 24030462
265 4895060 24043891
266 4899033 24075425
267 4903402 24091971
268 4908762 24113366
269 4912981 24133238
270 4917354 24150368
271 4922274 24166427
272 4926745 24180990
273 4930621 24209772
274 4936134 24224715
275 4942202 24231170
276 4947469 24251979
277 4951603 24266136
278 4955977 24284003
279 4960184 24295051
280 4964545 24323499
281 4968461 24350811
282 4974326 24376771
283 4979126 24398533
284 4984278 24410221
285 4988529 24439809
286 4992832 24474052
287 4997055 24480636
288 5001113 24500677
289 5005308 24520901
290 5010051 24549879
291 5014600 24562408
292 5019902 24588381
293 5022944 24594143
294 5026982 24615612
295 5030679 24630186
296 5034050 24640486
297 5037602 24656706
298 5040934 24669073
299 5044083 24674674
300 5052542 24680993
301 5056652 24699206
302 5059659 24766463
303 5062963 24793839
304 5066225 24800088
305 5069437 24811040
306 5072970 24822110
307 5076575 24834631
308 5079663 24861978
309 5083299 24885402
310 5086124 24910609
311 5091038 24927309
312 5095009 24946015
313 5099099 24957570
314 5102490 24964558
315 5106611 24979426
316 5110089 24984969
317 5113948 25006159
318 5117802 25043415
319 5311035 25059659
320 5317835 25083475
321 5321623 25111506
322 5325696 25132002
323 5329894 25148245
324 5333482 25163901
325 5338070 25181824
326 5342705 25209530
327 5347361 25230736
328 5351268 25248270
329 5355307 25261496
330 5359204 25281986
331 5362786 25311471
332 5367142 25333166
333 5370938 25346239
334 5375013 25366155
335 5379406 25390642
336 5383156 25416447
337 5387057 25431371
338 5390946 25461098
339 5394622 25480470
340 5397855 25500897
341 5401256 25511627
342 5404926 25536256
343 5408340 25561439
344 5411632 25589140
345 5415154 25617643
346 5419030 25630041
347 5422577 25642735
348 5427078 25670327
349 5431330 25683631
350 5434603 25709316
351 5438941 25730384
352 5442369 25752640
353 5445878 25758388
354 5449398 25786591
355 5452415 25839529
356 5456378 25862687
357 5460565 25875743
358 5464188 25889624
359 5468224 25902816
360 5471843 25927129
361 5475163 25956005
362 5479148 25972276
363 5482884 25997335
364 5486296 26024142
365 5489784 26044686
366 5494771 26060024
367 5498784 26089515
368 5502707 26107312
369 5506305 26128983
370 5511002 26145697
371 5514112 26199803
372 5517423 26222384
373 5521453 26228866
374 5524999 26253660
375 5528793 26269384
376 5532345 26281673
377 5535266 26334581
378 5538746 26360377
379 5542284 26385357
380 5545514 26404732
381 5549436 26421749
382 5553374 26440390
383 5557793 26467607
384 5562671 26493258
385 5565855 26513638
386 5569535 26534464
387 5573282 26550817
388 5576243 26556062
389 5579574 26581473
390 5582749 26607811
391 5586433 26627444
392 5589435 26633862
393 5592686 26646520
394 5595920 26665891
395 5599478 26671413
396 5603065 26699116
397 5606747 26704987
398 5609973 26710387
399 5613090 26732294
400 5616258 26762383
401 5619722 26779496
402 5623197 26795023
403 5626801 26807299
404 5630159 26829411
405 5633266 26856650
406 5637112 26879242
407 5640157 26896897
408 5643993 26913281
409 5648088 26924932
410 5651956 26928695
411 5654983 26932350
412 5658301 26935997
413 5661541 26957143
414 5665844 26973457
415 5669222 26989177
416 5672347 27002962
417 5675530 27011804
418 5678693 27027681
419 5681888 27039810
420 5685000 27047325
421 5688261 27065833
422 5691294 27084083
423 5694214 27095940
424 5698076 27118640
425 5701732 27133321
426 5705098 27145226
427 5708929 27148994
428 5712818 27156863
429 5716535 27160644
430 5719973 27178330
431 5723039 27182206
432 5726582 27199979
433 5730087 27204666
434 5734046 27215934
435 5737399 27219573
436 5740794 27232674
437 5744900 27241066
438 5748562 27256792
439 5752095 27263960
440 5755674 27267838
441 5759580 27277812
442 5762986 27288249
443 5766021 27303468
444 5769276 27317075
445 5780561 27326730
446 5784062 27334986
447 5786989 27344699
448 5790085 27348512
449 5793013 27370583
450 5795969 27383336
451 5799106 27390855
452 5802128 27394685
453 5804757 27406677
454 5807313 27413085
455 5810519 27428465
456 5813420 27442640
457 5816141 27452620
458 5819026 27460560
459 5821484 27463939
460 5824361 27478842
461 5826870 27482627
462 5829910 27486940
463 5833194 27490639
464 5836047 27511236
465 5838626 27515197
466 5841278 27519043
467 5844057 27535711
468 5846654 27542214
469 5849626 27561122
470 5851967 27565464
471 5854950 27573340
472 5857476 27583085
473 5859799 27588405
474 5863467 27603625
475 5866183 27611013
476 5869178 27620966
477 5871555 27641285
478 5874180 27659391
479 5876759 27673824
480 5879226 27677924
481 5881606 27697233
482 5883933 27714969
483 5894589 27725336
484 5897824 27734066
485 5900356 27746260
486 5902765 27749823
487 5907335 27760679
488 5909822 27765320
489 5912955 27779953
490 5915543 27799143
491 5919565 27813951
492 5923641 27825816
493 5926892 27837311
494 5930723 27854179
495 5933454 27863490
496 5936646 27881956
497 5940135 27892080
498 5943517 27907391
499 5946669 27918124
500 5950129 27925324
501 5953082 27941461
502 5955878 27952659
503 5958609 27956394
504 5961233 27967774
505 5963830 27987198
506 5966634 28005071
507 5969503 28013923
508 5972140 28023873
509 5975533 28027573
510 5978113 28048350
511 5980973 28052250
512 6006403 28063448
513 6010598 28078028
514 6014058 28093661
515 6017490 28105677
516 6020470 28109669
517 6023563 28130637
518 6026556 28150565
519 6029697 28170184
520 6032574 28193711
521 6035487 28214812
522 6038450 28224564
523 6041096 28251156
524 6044429 28268027
525 6047044 28272686
526 6049651 28276474
527 6052148 28279998
528 6054561 28299264
529 6056887 28304171
530 6059966 28321555
531 6062379 28325769
532 6064977 28336715
533 6067821 28340389
534 6070433 28359544
535 6073935 28377901
536 6076835 28392418
537 6079996 28420079
538 6083143 28429515
539 6085676 28450421
540 6088601 28459284
541 6090982 28462833
542 6094234 28477557
543 6096645 28481988
544 6099083 28502058
545 6101664 28510174
546 6103924 28514092
547 6106465 28523867
548 6109341 28528338
549 6111922 28531821
550 6114980 28535500
551 6118357 28551112
552 6121556 28561506
553 6123973 28565083
554 6126240 28585001
555 6128483 28597402
556 6131694 28606053
557 6134859 28622828
558 6138102 28634292
559 6140824 28642909
560 6143993 28663158
561 6146921 28681112
562 6149515 28698335
563 6152187 28716643
564 6154771 28725878
565 6157104 28729529
566 6160231 28746009
567 6162867 28764112
568 6165216 28768478
569 6168242 28777617
570 6170681 28781929
571 6173226 28785418
572 6175924 28796815
573 6178938 28804096
574 6181513 28818096
575 6184008 28821792
576 6186665 28837187
577 6188951 28857538
578 6191422 28864904
579 6194284 28878805
580 6196963 28893448
581 6200027 28903707
582 6202427 28913831
583 6204968 28931219
584 6208113 28934896
585 6210871 28950236
586 6213714 28956712
587 6216378 28964128
588 6218977 28980606
589 6221345 28984271
590 6224009 28999418
591 6227394 29018415
592 6230785 29028669
593 6233492 29039829
594 6235859 29048090
595 6238336 29051570
596 6240724 29055103
597 6243165 29058538
598 6245458 29073540
599 6248079 29088686
600 6250529 29092305
601 6253890 29095758
602 6256384 29115231
603 6259256 29133747
604 6262326 29137602
605 6264875 29150903
606 6267265 29155220
607 6270230 29165095
608 6272563 29168467
609 6274619 29185738
610 6280413 29199827
611 6284051 29204544
612 6287129 29208113
613 6290201 29227789
614 6293392 29235100
615 6296689 29245093
616 6299328 29256208
617 6302899 29265726
618 6305799 29277901
619 6308582 29289101
620 6311857 29295777
621 6314870 29303145
622 6317676 29318123
623 6320422 29321987
624 6322979 29339875
625 6325748 29343804
626 6328182 29362737
627 6331274 29373170
628 6334846 29383119
629 6339141 29392114
630 6342390 29411958
631 6346158 29422469
632 6349231 29439396
633 6352500 29455464
634 6356557 29473785
635 6360012 29481678
636 6363077 29489293
637 6367562 29505439
638 6371824 29527324
639 6377880 29534222
640 6391011 29549335
641 6399418 29556873
642 6405406 29567136
643 6412784 29571081
644 6419239 29582881
645 6423404 29595901
646 6426784 29604462
647 6429514 29611466
648 6432139 29614877
649 6435381 29619900
650 6440061 29631375
651 6444112 29635277
652 6448082 29646059
653 6451452 29658781
654 6455943 29668515
655 6460664 29680152
656 6465184 29683923
657 6468920 29694513
658 6472630 29707688
659 6476445 29720649
660 6482243 29734435
661 6487919 29738918
662 6492363 29747752
663 6495663 29764839
664 6499137 29774912
665 6501977 29786535
666 6504634 29808308
667 6507678 29822104
668 6510524 29836933
669 6513322 29840807
670 6515708 29858912
671 6518579 29865605
672 6521409 29881402
673 6531751 29900349
674 6536015 29912087
675 6540157 29929634
676 6543341 29945802
677 6547011 29958573
678 6549836 29970122
679 6553313 29976738
680 6557684 29985763
681 6560679 29995020
682 6564160 30014732
683 6567559 30030622
684 6571394 30046825
685 6574798 30056326
686 6578201 30070506
687 6581465 30079633
688 6584400 30087997
689 6588762 30101908
690 6592491 30105803
691 6595650 30125356
692 6598580 30135194
693 6601525 30142953
694 6604523 30149143
695 6607595 30164142
696 6610518 30168029
697 6613397 30183224
698 6616198 30202400
699 6619781 30215150
700 6623128 30234530
701 6626292 30249081
702 6629308 30253390
703 6632316 30257376
704 6635717 30264819
705 6638880 30283879
706 6642418 30292321
707 6645533 30310170
708 6648270 30328716
709 6651321 30346075
710 6655546 30358642
711 6658498 30370194
712 6661375 30373991
713 6664483 30377634
714 6667211 30381091
715 6670334 30399516
716 6673125 30403417
717 6675866 30407553
718 6678972 30411256
719 6681604 30424664
720 6684646 30431413
721 6687942 30434990
722 6693410 30438651
723 6700308 30451642
724 6704686 30462886
725 6709417 30480954
726 6713417 30497060
727 6718631 30509361
728 6723251 30524581
729 6727562 30528406
730 6730779 30546883
731 6734279 30551121
732 6737362 30561424
733 6740754 30584150
734 6744699 30601257
735 6747305 30614307
736 6749962 30618177
737 6753262 30632782
738 6756399 30636565
739 6758921 30654327
740 6761909 30662203
741 6764865 30671336
742 6767927 30682280
743 6770562 30689963
744 6775184 30707356
745 6778922 30716829
746 6783235 30720299
747 6786601 30740071
748 6790059 30747059
749 6793131 30764508
750 6802558 30773719
751 6805521 30777570
752 6808282 30781050
753 6811031 30796776
754 6814147 30814770
755 6817439 30825048
756 6820179 30843038
757 6822832 30857075
758 6825446 30874336
759 6828142 30888390
760 6830700 30901548
761 6833431 30909069
762 6835737 30913478
763 6838800 30927797
764 6841758 30939647
765 6844597 30943516
766 6848559 30953330
767 6852950 30959780
768 6856456 30978248
769 6860282 30984637
770 6863163 31016873
771 6866081 31021352
772 6869710 31041468
773 6872531 31054520
774 6875725 31063148
775 6878984 31074104
776 6882043 31084223
777 6885138 31090827
778 6887783 31110304
779 6890514 31114190
780 6893113 31128433
781 6895741 31137317
782 6898514 31143404
783 6901288 31157352
784 6904583 31161151
785 6907239 31172863
786 6909654 31183384
787 6912694 31196541
788 6915438 31206821
789 6917993 31217262
790 6920591 31220889
791 6923084 31236112
792 6926271 31252054
793 6929995 31256193
794 6933380 31265685
795 6936185 31269249
796 6939281 31286519
797 6942052 31305913
798 6945871 31317605
799 6949309 31334313
800 6952122 31341692
801 6954855 31345309
802 6959092 31359646
803 6963430 31378831
804 6968546 31393277
805 6972220 31397229
806 6975544 31400737
807 6978484 31413222
808 6981106 31417227
809 6984712 31426387
810 6988037 31441734
811 6991583 31460412
812 6999456 31475364
813 7003580 31483792
814 7008429 31487725
815 7012232 31504530
816 7015589 31508472
817 7019670 31526163
818 7023160 31529877
819 7026235 31547916
820 7029498 31551583
821 7032732 31568155
822 7036302 31572045
823 7039247 31586557
824 7042691 31597494
825 7045567 31602198
826 7050849 31612585
827 7053515 31616262
828 7057074 31619890
829 7060008 31632136
830 7062695 31635743
831 7065344 31639363
832 7068432 31653767
833 7071069 31658934
834 7075333 31662769
835 7078602 31680674
836 7082540 31700101
837 7085098 31719564
838 7088583 31737345
839 7091639 31745737
840 7095086 31753494
841 7097710 31769326
842 7100803 31788581
843 7103843 31796322
844 7106522 31803108
845 7109596 31810258
846 7111890 31821979
847 7114936 31833000
848 7117531 31840612
849 7119945 31852736
850 7123366 31867495
851 7125959 31880811
852 7129455 31890397
853 7132570 31902893
854 7135290 31909117
855 7138030 31919479
856 7141438 31925892
857 7144212 31938016
858 7147112 31946303
859 7149752 31949883
860 7152321 31953483
861 7154965 31967780
862 7157506 31971413
863 7160081 31975016
864 7162589 31994297
865 7165095 32009208
866 7168098 32024488
867 7170960 32034682
868 7173783 32043194
869 7176709 32063627
870 7179926 32076589
871 7182850 32080364
872 7185595 32089982
873 7188873 32107195
874 7191656 32111324
875 7194569 32120650
876 7197199 32137062
877 7200034 32145670
878 7202840 32149337
879 7205415 32164381
880 7208394 32178641
881 7211530 32189490
882 7214007 32198234
883 7216601 32212931
884 7218855 32216466
885 7221643 32234993
886 7224062 32238923
887 7226333 32242517
888 7228837 32249099
889 7231332 32259240
890 7234507 32269907
891 7237074 32286940
892 7239524 32296518
893 7242049 32299986
894 7244472 32316865
895 7246783 32320398
896 7250979 32324007
897 7254453 32342119
898 7257664 32357906
899 7260448 32377790
900 7263447 32388396
901 7265886 32391899
902 7283605 32398255
903 7287194 32413026
904 7289953 32416754
905 7292366 32422962
906 7295098 32435163
907 7297498 32453635
908 7299608 32457798
909 7302305 32468528
910 7304905 32472284
911 7307423 32481355
912 7310294 32488684
913 7312901 32500874
914 7315281 32510278
915 7317465 32513740
916 7320158 32531616
917 7322671 32535377
918 7324888 32553298
919 7326936 32568947
920 7329184 32583134
921 7331247 32596072
922 7333903 32602561
923 7336253 32613565
924 7338303 32631327
925 7341093 32642084
926 7343404 32645668
927 7345549 32649503
928 7348956 32656854
929 7352330 32661495
930 7354895 32665200
931 7358072 32679816
932 7360284 32693549
933 7363213 32707888
934 7365985 32720532
935 7368460 32737449
936 7371186 32752037
937 7373808 32765419
938 7376466 32772610
939 7378840 32790519
940 7381260 32801386
941 7383464 32805154
942 7386446 32814528
943 7388611 32818017
944 7390751 32821977
945 7394182 32829329
946 7396677 32838392
947 7399545 32854654
948 7402075 32860928
949 7404409 32877720
950 7407190 32887163
951 7410127 32904066
952 7412426 32907960
953 7414815 32918238
954 7417804 32929979
955 7420581 32944797
956 7430828 32964214
957 7434664 32971036
958 7438183 32984356
959 7440744 32997087
960 7443076 33014505
961 7445905 33027022
962 7448706 33038931
963 7451665 33042744
964 7453903 33058792
965 7456249 33062496
966 7458719 33074955
967 7460924 33093726
968 7463479 33104331
969 7465721 33122731
970 7467939 33139863
971 7470322 33157805
972 7472683 33171687
973 7477007 33184677
974 7479661 33202892
975 7481983 33209924
976 7484348 33214159
977 7487624 33220842
978 7490228 33224261
979 7492340 33227817
980 7494966 33234302
981 7497293 33243640
982 7500771 33253233
983 7503614 33263414
984 7506336 33282156
985 7510165 33295234
986 7513098 33310393
987 7516082 33324801
988 7518590 33336231
989 7521264 33339980
990 7523671 33343662
991 7526459 33357366
992 7529290 33369284
993 7531861 33382767
994 7549612 33398392
995 7553276 33414304
996 7556817 33425998
997 7559992 33443191
998 7562403 33462035
999 7565336 33466041
1000 7568346 33483447
1001 7570861 33501930
1002 7573012 33506241
1003 7576455 33512552
1004 7578906 33518342
1005 7581168 33536201
1006 7583506 33552483
1007 7585829 33556351
1008 7587968 33559760
1009 7590533 33563318
1010 7593138 33583695
1011 7595273 33603314
1012 7597742 33607089
1013 7601439 33618904
1014 7603765 33622738
1015 7606387 33635613
1016 7608551 33653663
1017 7611071 33662415
1018 7613275 33665911
1019 7615692 33680897
1020 7618095 33684753
1021 7620439 33695024
1022 7622811 33698644
1023 7625215 33716957
1024 7629095 33720812
1025 7631637 33733533
1026 7634112 33742469
1027 7636363 33746153
1028 7638430 33749426
1029 7641448 33768829
1030 7644040 33776062
1031 7646585 33791632
1032 7649209 33802866
1033 7651700 33812966
1034 7653920 33827072
1035 7656098 33840992
1036 7659358 33845631
1037 7662458 33860283
1038 7664839 33871623
1039 7667031 33891864
1040 7669876 33902813
1041 7672215 33911204
1042 7674760 33927671
1043 7677084 33940079
1044 7679390 33953700
1045 7681844 33970043
1046 7683969 33981174
1047 7687152 33988479
1048 7689501 33997702
1049 7692713 34001191
1050 7695526 34015375
1051 7697813 34019217
1052 7700095 34022865
1053 7703128 34037225
1054 7705486 34041029
1055 7707798 34044569
1056 7710436 34054607
1057 7712931 34058193
1058 7715590 34077697
1059 7719005 34093696
1060 7721149 34103584
1061 7723663 34115903
1062 7726796 34124990
1063 7729280 34128454
1064 7732102 34135084
1065 7734858 34142672
1066 7737061 34160595
1067 7740637 34172817
1068 7742739 34176367
1069 7745915 34185785
1070 7748078 34193878
1071 7750153 34210269
1072 7752620 34227167
1073 7754810 34230912
1074 7756939 34244899
1075 7759306 34258585
1076 7761711 34262258
1077 7765412 34268787
1078 7767886 34295269
1079 7769779 34299048
1080 7771631 34392916
1081 7776381 34403567
1082 7778798 34407283
1083 7781680 34414154
1084 7783751 34417522
1085 7786613 34427679
1086 7788878 34431194
1087 7790975 34449244
1088 7793363 34464673
1089 7795422 34472200
1090 7797956 34482596
1091 7800511 34494955
1092 7802585 34503143
1093 7804627 34514601
1094 7806434 34517989
1095 7810112 34530165
1096 7812435 34547445
1097 7814908 34556836
1098 7817539 34570063
1099 7820171 34585521
1100 7822477 34604129
1101 7825231 34616404
1102 7828505 34631632
1103 7831921 34642386
1104 7834389 34648385
1105 7836540 34654298
1106 7839502 34666013
1107 7841703 34676473
1108 7844651 34684897
1109 7848015 34688438
1110 7852059 34700450
1111 7855090 34704278
1112 7858930 34707637
1113 7862945 34716743
1114 7868032 34725246
1115 7870007 34732150
1116 7873942 34753005
1117 7876965 34770878
1118 7879114 34780831
1119 7881541 34798926
1120 7884038 34803346
1121 7886564 34814547
1122 7888753 34818096
1123 7890990 34830111
1124 7894286 34842430
1125 7903854 34856513
1126 7906588 34861110
1127 7909050 34865344
1128 7911609 34889437
1129 7914001 34895492
1130 7916137 34906688
1131 7918317 34913154
1132 7920739 34919550
1133 7923171 34936517
1134 7925370 34965588
1135 7927425 34990741
1136 7929693 35001391
1137 7931647 35005551
1138 7933873 35037996
1139 7935905 35072368
1140 7939912 35092234
1141 7942859 35104521
1142 7946306 35108424
1143 7949110 35125615
1144 7951743 35133350
1145 7955216 35150132
1146 7958169 35159274
1147 7961169 35175771
1148 7963842 35192839
1149 7966576 35196722
1150 7969145 35214179
1151 7971972 35227412
1152 7975776 35238101
1153 7978644 35241886
1154 7981414 35245517
1155 7984090 35251453
1156 7987142 35254967
1157 7989732 35272598
1158 7992596 35279288
1159 7995158 35296191
1160 7997732 35310911
1161 8000533 35317582
1162 8002965 35335984
1163 8006295 35349119
1164 8009072 35361497
1165 8012455 35369908
1166 8015906 35377226
1167 8018293 35394732
1168 8021190 35410916
1169 8027530 35427605
1170 8030622 35438953
1171 8033895 35454388
1172 8036439 35460471
1173 8039139 35470025
1174 8042514 35487531
1175 8044924 35495493
1176 8047663 35499059
1177 8050284 35502654
1178 8052786 35519774
1179 8056818 35526652
1180 8059831 35536149
1181 8062545 35542387
1182 8065127 35546013
1183 8067769 35558551
1184 8070319 35562209
1185 8072741 35572222
1186 8075338 35584565
1187 8077863 35597779
1188 8080294 35606896
1189 8082793 35615686
1190 8086077 35623603
1191 8088454 35637228
1192 8091293 35644771
1193 8093659 35656371
1194 8096539 35667893
1195 8099551 35679077
1196 8102142 35687116
1197 8105195 35690687
1198 8108324 35705441
1199 8111331 35709433
1200 8113977 35728261
1201 8116356 35741908
1202 8118998 35753798
1203 8121671 35761779
1204 8124425 35775138
1205 8126765 35793979
1206 8129310 35809342
1207 8131832 35826603
1208 8134272 35837029
1209 8136349 35847267
1210 8138774 35864477
1211 8141326 35888176
1212 8143659 35901885
1213 8145866 35921066
1214 8148514 35932662
1215 8151422 35946229
1216 8153885 35960174
1217 8156597 35967234
1218 8158963 35974235
1219 8161454 35983046
1220 8164402 36000298
1221 8167737 36006721
1222 8171463 36016243
1223 8174490 36023237
1224 8177059 36039067
1225 8179577 36055305
1226 8181715 36067089
1227 8184122 36070727
1228 8186428 36086764
1229 8188588 36096999
1230 8190870 36100514
1231 8193007 36103827
1232 8195458 36118794
1233 8197538 36122463
1234 8199433 36127756
1235 8202968 36141881
1236 8206270 36151416
1237 8209403 36160919
1238 8211649 36164342
1239 8214157 36180937
1240 8216139 36190438
1241 8219838 36207167
1242 8221992 36223032
1243 8224289 36236835
1244 8226708 36244678
1245 8228990 36257476
1246 8231055 36275496
1247 8233504 36287971
1248 8235934 36294809
1249 8238608 36298174
1250 8240796 36311806
1251 8242870 36318490
1252 8245751 36329461
1253 8248138 36336385
1254 8250835 36346155
1255 8252980 36349723
1256 8255345 36360326
1257 8257578 36363754
1258 8259607 36375402
1259 8261938 36379194
1260 8264563 36389290
1261 8267297 36398999
1262 8269741 36413206
1263 8271878 36416823
1264 8273875 36430890
1265 8276299 36434550
1266 8278783 36451875
1267 8280851 36457603
1268 8283091 36473021
1269 8285449 36476647
1270 8287433 36489159
1271 8289982 36497366
1272 8292413 36505749
1273 8294599 36514576
1274 8298734 36523397
1275 8301471 36537456
1276 8303986 36553932
1277 8306708 36562803
1278 8308974 36578383
1279 8314282 36591763
1280 8343580 36595564
1281 8346659 36608813
1282 8349020 36624452
1283 8351765 36639415
1284 8354167 36646615
1285 8356626 36656081
1286 8360769 36672471
1287 8362836 36687839
1288 8365173 36701572
1289 8368369 36705452
1290 8370841 36717778
1291 8373108 36722651
1292 8376016 36726452
1293 8378492 36729941
1294 8380835 36748686
1295 8383005 36752531
1296 8384936 36762023
1297 8387183 36774885
1298 8390032 36784684
1299 8392457 36793699
1300 8394631 36805325
1301 8396586 36812324
1302 8398973 36818228
1303 8401474 36835554
1304 8405501 36845375
1305 8408008 36848951
1306 8410958 36865585
1307 8413498 36876407
1308 8415696 36880394
1309 8417875 36892062
1310 8420394 36898125
1311 8423185 36906893
1312 8425579 36920130
1313 8428055 36935705
1314 8430720 36951831
1315 8433864 36970557
1316 8437026 36977394
1317 8439711 36983249
1318 8442298 36992992
1319 8444882 37009865
1320 8447275 37029210
1321 8449409 37040334
1322 8452090 37043995
1323 8454367 37058303
1324 8456756 37070311
1325 8459457 37076537
1326 8462083 37092081
1327 8464401 37110067
1328 8466694 37122414
1329 8469210 37132491
1330 8472418 37138953
1331 8474815 37151011
1332 8477529 37155027
1333 8480104 37168413
1334 8482376 37188049
1335 8485267 37205556
1336 8488493 37209277
1337 8491048 37221289
1338 8493554 37230283
1339 8495831 37243868
1340 8498348 37247708
1341 8500773 37254479
1342 8502932 37260403
1343 8505397 37263873
1344 8508248 37281300
1345 8510646 37290609
1346 8513015 37300392
1347 8515163 37316940
1348 8517303 37328107
1349 8519335 37334926
1350 8521603 37350853
1351 8524326 37354364
1352 8526961 37371690
1353 8529370 37382108
1354 8531756 37395608
1355 8534316 37410389
1356 8536743 37414110
1357 8539507 37417717
1358 8541993 37428838
1359 8544848 37443717
1360 8547597 37455186
1361 8549955 37471131
1362 8552442 37485819
1363 8555011 37501708
1364 8557484 37509417
1365 8560048 37512924
1366 8562338 37526886
1367 8565182 37536275
1368 8575538 37548270
1369 8579062 37555872
1370 8581466 37571503
1371 8585529 37586497
1372 8588391 37601417
1373 8591708 37610015
1374 8594267 37627069
1375 8596942 37638610
1376 8599405 37645382
1377 8601244 37649180
1378 8603762 37665368
1379 8605751 37680927
1380 8607993 37693793
1381 8610272 37697435
1382 8612486 37700933
1383 8614622 37717175
1384 8617035 37731449
1385 8619445 37735136
1386 8621934 37763317
1387 8625246 37767105
1388 8627899 37777923
1389 8630066 37795202
1390 8632847 37805598
1391 8635020 37809058
1392 8637167 37820572
1393 8639541 37824104
1394 8641896 37833784
1395 8644457 37845831
1396 8646859 37861828
1397 8649155 37865568
1398 8651395 37872975
1399 8653334 37876218
1400 8656088 37893645
1401 8658925 37897185
1402 8661434 37914145
1403 8663735 37918031
1404 8666082 37936518
1405 8668559 37945749
1406 8670532 37957043
1407 8673078 37966597
1408 8676294 37974500
1409 8678768 37985329
1410 8680826 38002234
1411 8682787 38006545
1412 8685063 38016064
1413 8687139 38025143
1414 8689909 38032017
1415 8692152 38044439
1416 8694333 38059104
1417 8696746 38062965
1418 8699745 38068795
1419 8701998 38079349
1420 8704011 38091143
1421 8706363 38094686
1422 8708932 38107695
1423 8710952 38123227
1424 8713138 38127484
1425 8715207 38148564
1426 8717677 38156649
1427 8720438 38160036
1428 8722606 38172451
1429 8724640 38184226
1430 8727269 38200779
1431 8729907 38218145
1432 8732193 38224300
1433 8735381 38227810
1434 8738315 38244394
1435 8740608 38259857
1436 8742694 38263645
1437 8745032 38272690
1438 8747882 38279042
1439 8750184 38292320
1440 8752119 38305536
1441 8754219 38312267
1442 8756337 38327762
1443 8758815 38342092
1444 8761087 38357099
1445 8763635 38373568
1446 8765828 38379957
1447 8767772 38393464
1448 8769985 38397018
1449 8772084 38411909
1450 8774379 38421190
1451 8776492 38424631
1452 8778454 38444683
1453 8780878 38448148
1454 8783964 38457877
1455 8786255 38464465
1456 8788455 38467795
1457 8790712 38484186
1458 8793193 38490287
1459 8795003 38497904
1460 8797480 38501326
1461 8799962 38509540
1462 8802356 38521211
1463 8804539 38534679
1464 8806894 38544985
1465 8808878 38556148
1466 8810645 38565508
1467 8813726 38575143
1468 8816922 38585072
1469 8819604 38591171
1470 8822429 38602517
1471 8824674 38609186
1472 8826697 38620756
1473 8830082 38627876
1474 8833012 38639875
1475 8835072 38643392
1476 8837089 38658733
1477 8839008 38668796
1478 8841373 38680696
1479 8843205 38684899
1480 8845886 38700960
1481 8847961 38710776
1482 8850053 38717858
1483 8852279 38729595
1484 8855553 38738621
1485 8857909 38741816
1486 8860536 38754910
1487 8864077 38769251
1488 8866536 38780965
1489 8870155 38784770
1490 8872667 38797579
1491 8875218 38809615
1492 8877662 38817513
1493 8879910 38831512
1494 8882201 38840311
1495 8884928 38850883
1496 8887955 38862190
1497 8890698 38879455
1498 8895512 38888208
1499 8898954 38898228
1500 8901351 38913618
1501 8904023 38923763
1502 8906240 38930259
1503 8908713 38938528
1504 8911625 38948039
1505 8914463 38951501
1506 8916944 38963915
1507 8919196 38978865
1508 8921186 38989507
1509 8923361 38992882
1510 8926116 39004438
1511 8928521 39017725
1512 8930847 39027178
1513 8933078 39040379
1514 8935555 39051580
1515 8937651 39055007
1516 8939867 39065300
1517 8942107 39072257
1518 8944943 39081312
1519 8946708 39084872
1520 8949186 39097502
1521 8951036 39101240
1522 8953175 39111924
1523 8955107 39124992
1524 8957310 39132216
1525 8959750 39144983
1526 8962265 39153413
1527 8964288 39160631
1528 8966211 39176319
1529 8969172 39192032
1530 8971965 39201906
1531 8974278 39218027
1532 8977469 39225048
1533 8980278 39232154
1534 8982579 39244613
1535 8985148 39255198
1536 8988947 39258527
1537 8991596 39274558
1538 8993490 39290478
1539 8996422 39302117
1540 8998688 39305490
1541 9000971 39312104
1542 9003816 39323134
1543 9006162 39333883
1544 9008208 39342588
1545 9011819 39345985
1546 9014839 39349702
1547 9018986 39362335
1548 9022083 39374924
1549 9025199 39387237
1550 9027585 39401606
1551 9029533 39417656
1552 9032881 39429895
1553 9035605 39442817
1554 9039303 39446353
1555 9041413 39459961
1556 9043415 39463406
1557 9045783 39466642
1558 9047933 39482258
1559 9050906 39492115
1560 9053215 39495561
1561 9055829 39509994
1562 9058652 39517839
1563 9061972 39528376
1564 9064047 39533901
1565 9066353 39545096
1566 9071020 39548565
1567 9074779 39569263
1568 9078251 39580721
1569 9080925 39592719
1570 9083166 39602708
1571 9085091 39605967
1572 9087422 39609100
1573 9091402 39618677
1574 9099403 39676787
1575 9104199 39690024
1576 9106899 39693778
1577 9109037 39696917
1578 9111303 39700195
1579 9113373 39715161
1580 9115368 39725261
1581 9118052 39733915
1582 9120592 39742243
1583 9122659 39755154
1584 9126640 39762913
1585 9129610 39768702
1586 9132288 39779336
1587 9134539 39787805
1588 9136480 39804840
1589 9139465 39815416
1590 9141898 39831112
1591 9143886 39848023
1592 9145862 39851836
1593 9148288 39858605
1594 9151505 39864430
1595 9153916 39867765
1596 9156116 39883815
1597 9158590 39897147
1598 9161343 39904873
1599 9163569 39916906
1600 9166307 39932185
1601 9169075 39940768
1602 9171149 39957515
1603 9174258 39973346
1604 9189486 39990716
1605 9192730 40007884
1606 9196248 40022522
1607 9198849 40031193
1608 9200961 40041981
1609 9203810 40045786
1610 9206128 40057695
1611 9208485 40065095
1612 9210390 40068553
1613 9212343 40072489
1614 9215560 40079609
1615 9217542 40093480
1616 9220132 40101076
1617 9222342 40116987
1618 9224014 40120418
1619 9225909 40123543
1620 9227986 40139796
1621 9229980 40143296
1622 9231500 40146536
1623 9234128 40157020
1624 9235850 40160743
1625 9238045 40174884
1626 9240062 40180706
1627 9241652 40196261
1628 9243308 40213973
1629 9244833 40227273
1630 9246207 40230944
1631 9248800 40251368
1632 9250284 40271578
1633 9252364 40276520
1634 9254433 40280488
1635 9256282 40284544
1636 9258159 40297729
1637 9261148 40318226
1638 9263177 40325833
1639 9264853 40343863
1640 9266992 40353512
1641 9269002 40357513
1642 9271009 40372442
1643 9273368 40377001
1644 9275723 40381448
1645 9277731 40398457
1646 9279208 40401900
1647 9280665 40427533
1648 9282911 40436423
1649 9284565 40453373
1650 9286854 40467777
1651 9288920 40485673
1652 9292554 40507036
1653 9295041 40522372
1654 9297425 40536406
1655 9300035 40549475
1656 9301753 40566793
1657 9303709 40577056
1658 9306174 40584288
1659 9307921 40599994
1660 9310122 40603743
1661 9312568 40618931
1662 9314200 40622348
1663 9315813 40625623
1664 9317447 40640285
1665 9319017 40643673
1666 9320352 40668749
1667 9323874 40674916
1668 9325839 40690457
1669 9327607 40698051
1670 9329507 40711874
1671 9331257 40724791
1672 9332987 40734460
1673 9334539 40744689
1674 9337224 40762186
1675 9339208 40773422
1676 9342380 40785976
1677 9345009 40797834
1678 9347144 40814180
1679 9348882 40826741
1680 9350479 40830104
1681 9351992 40833913
1682 9353791 40837269
1683 9355371 40848842
1684 9356800 40852466
1685 9358384 40863019
1686 9360045 40871666
1687 9361591 40885917
1688 9363392 40889827
1689 9365478 40897604
1690 9367121 40908855
1691 9368989 40914544
1692 9370799 40918506
1693 9372939 40924478
1694 9374597 40940980
1695 9375944 40959232
1696 9378442 40976238
1697 9380605 40986548
1698 9382543 40990749
1699 9384976 41000222
1700 9386976 41007579
1701 9388687 41023116
1702 9390447 41034186
1703 9392787 41048552
1704 9394588 41052077
1705 9396207 41055296
1706 9397693 41058348
1707 9399565 41074349
1708 9401693 41083471
1709 9403732 41090958
1710 9405567 41101724
1711 9407195 41109929
1712 9409712 41127649
1713 9412039 41144394
1714 9414508 41157739
1715 9416450 41172919
1716 9418540 41176758
1717 9420641 41190602
1718 9422544 41201639
1719 9424292 41215621
1720 9425825 41230303
1721 9427356 41233723
1722 9429442 41253744
1723 9431774 41264166
1724 9433903 41271728
1725 9435422 41274915
1726 9437379 41289209
1727 9438852 41300413
1728 9440069 41304578
1729 9441773 41308031
1730 9443577 41311364
1731 9445257 41321200
1732 9447345 41324681
1733 9449076 41341063
1734 9451530 41352863
1735 9453807 41366608
1736 9455694 41381152
1737 9457355 41396988
1738 9458956 41400437
1739 9460459 41415633
1740 9462545 41426407
1741 9464095 41435152
1742 9465625 41446703
1743 9466757 41449889
1744 9469872 41453991
1745 9471996 41469787
1746 9473765 41494673
1747 9475442 41500718
1748 9477955 41510467
1749 9480074 41524745
1750 9482387 41532902
1751 9484128 41536109
1752 9486062 41543447
1753 9487628 41559740
1754 9489292 41567103
1755 9491495 41575459
1756 9493613 41591049
1757 9495732 41597271
1758 9497453 41612195
1759 9498908 41615587
1760 9500996 41628505
1761 9502421 41632997
1762 9503901 41650599
1763 9506685 41659505
1764 9508422 41662957
1765 9510208 41674629
1766 9512537 41678302
1767 9514263 41694384
1768 9515995 41701193
1769 9518064 41708226
1770 9520594 41714231
1771 9522954 41723316
1772 9525131 41735940
1773 9527404 41751073
1774 9529350 41762699
1775 9531366 41766873
1776 9533430 41783308
1777 9535232 41799752
1778 9538769 41810897
1779 9541090 41821959
1780 9543461 41829272
1781 9545372 41839960
1782 9547292 41847989
1783 9549334 41855122
1784 9550907 41871821
1785 9552712 41882686
1786 9554943 41890506
1787 9557558 41901640
1788 9559176 41908349
1789 9561190 41922213
1790 9563416 41933307
1791 9566317 41936714
1792 9569220 41951697
1793 9570997 41969938
1794 9573676 41985168
1795 9575719 41999937
1796 9577728 42013664
1797 9579819 42021715
1798 9581829 42034452
1799 9583867 42044834
1800 9585970 42057562
1801 9587765 42068708
1802 9589431 42081296
1803 9591585 42096228
1804 9593591 42103589
1805 9595440 42120272
1806 9596946 42123605
1807 9598682 42133896
1808 9600133 42155908
1809 9602307 42160075
1810 9604981 42175107
1811 9606910 42185706
1812 9609343 42199752
1813 9611387 42213441
1814 9612964 42219552
1815 9614846 42230170
1816 9616883 42238572
1817 9619201 42244627
1818 9622281 42260211
1819 9625626 42271857
1820 9627747 42285532
1821 9629968 42289205
1822 9632275 42296285
1823 9634023 42299445
1824 9636151 42302791
1825 9638176 42318037
1826 9641252 42327717
1827 9643368 42335745
1828 9645215 42349890
1829 9647129 42360320
1830 9648742 42363712
1831 9650517 42366939
1832 9652269 42376710
1833 9653800 42380212
1834 9655588 42386794
1835 9657331 42396990
1836 9658998 42400350
1837 9661032 42416260
1838 9662878 42425724
1839 9664455 42433137
1840 9666798 42446545
1841 9669126 42456333
1842 9670663 42460833
1843 9672431 42465502
1844 9674270 42477209
1845 9676313 42484817
1846 9677960 42499164
1847 9679815 42507299
1848 9681550 42521519
1849 9683081 42530375
1850 9684290 42545567
1851 9688047 42554116
1852 9690287 42568927
1853 9692087 42591403
1854 9693623 42602588
1855 9695630 42618220
1856 9698209 42629815
1857 9700417 42640895
1858 9702742 42653591
1859 9704528 42665267
1860 9706391 42674350
1861 9708502 42678785
1862 9710471 42684364
1863 9715649 42701808
1864 9717969 42705172
1865 9721181 42718009
1866 9723113 42733458
1867 9725285 42746795
1868 9727977 42750672
1869 9731482 42756942
1870 9733752 42760309
1871 9736108 42773754
1872 9738279 42783791
1873 9740570 42787370
1874 9742535 42797639
1875 9744033 42811005
1876 9746317 42817445
1877 9748234 42820814
1878 9749833 42823902
1879 9751913 42836165
1880 9754876 42854284
1881 9756725 42857946
1882 9758604 42870853
1883 9760400 42877506
1884 9761843 42888779
1885 9763760 42904151
1886 9765209 42919682
1887 9771600 42928717
1888 9773764 42937502
1889 9776888 42943233
1890 9779621 42949424
1891 9781463 42965264
1892 9783567 42973588
1893 9787101 42981212
1894 9788901 42987891
1895 9791656 43002827
1896 9795531 43006307
1897 9799043 43014274
1898 9802007 43018004
1899 9803931 43033154
1900 9806797 43046239
1901 9808818 43054024
1902 9810565 43069241
1903 9812293 43072818
1904 9814236 43080706
1905 9815850 43084942
1906 9818064 43091623
1907 9819655 43094978
1908 9822307 43102002
1909 9824185 43109595
1910 9826060 43121550
1911 9827518 43124770
1912 9829007 43130401
1913 9831547 43133723
1914 9834225 43141800
1915 9836712 43145438
1916 9838572 43161013
1917 9842054 43172836
1918 9844600 43178780
1919 9846705 43190265
1920 9848481 43203580
1921 9849899 43207762
1922 9851645 43210963
1923 9853902 43219171
1924 9855658 43229533
1925 9858280 43243125
1926 9860379 43251944
1927 9862186 43268522
1928 9863860 43272042
1929 9865435 43275137
1930 9866877 43293991
1931 9868518 43307016
1932 9870402 43322839
1933 9872966 43336486
1934 9874752 43342575
1935 9876262 43351397
1936 9878994 43364671
1937 9880532 43378895
1938 9881977 43397972
1939 9884101 43407633
1940 9886027 43416154
1941 9887897 43424111
1942 9889657 43436059
1943 9891090 43451575
1944 9892870 43459173
1945 9894863 43472538
1946 9896575 43476478
1947 9900870 43489751
1948 9903171 43496146
1949 9904367 43499050
1950 9907020 43502405
1951 9909039 43514005
1952 9911272 43520538
1953 9913127 43534434
1954 9914906 43542183
1955 9916471 43554351
1956 9918047 43562040
1957 9920003 43572207
1958 9921499 43579268
1959 9923165 43591483
1960 9924412 43594608
1961 9927055 43603033
1962 9928773 43613640
1963 9930857 43622845
1964 9932651 43630326
1965 9934241 43633368
1966 9936108 43648949
1967 9937965 43652673
1968 9939609 43655835
1969 9941553 43658913
1970 9943137 43674881
1971 9945014 43684007
1972 9946913 43689977
1973 9948433 43699376
1974 9949960 43702833
1975 9951737 43712907
1976 9953249 43716185
1977 9955071 43729950
1978 9956706 43739360
1979 9958221 43753606
1980 9960214 43769602
1981 9962334 43784911
1982 9964107 43802219
1983 9966409 43808337
1984 9967994 43811423
1985 9969743 43814548
1986 9971806 43828347
1987 9973462 43841817
1988 9974918 43850033
1989 9976713 43856482
1990 9978257 43872035
1991 9980103 43882063
1992 9982266 43894694
1993 9983854 43898394
1994 9985611 43906975
1995 9987425 43917952
1996 9989306 43924748
1997 9990890 43941908
1998 9992179 43945105
1999 9996976 43959218
2000 9998905 43974020
2001 10000905 43984846
2002 10002755 43988216
2003 10004450 44001091
2004 10006434 44016300
2005 10008358 44024711
2006 10010155 44027981
2007 10012233 44033466
2008 10014417 44044249
2009 10015980 44050362
2010 10017419 44053697
2011 10018955 44062474
2012 10020482 44078167
2013 10022099 44088702
2014 10023966 44102680
2015 10025618 44105987
2016 10028206 44118603
2017 10030145 44129917
2018 10031716 44145030
2019 10033879 44148816
2020 10036231 44158769
2021 10038498 44165006
2022 10040181 44175698
2023 10042271 44184494
2024 10043908 44199333
2025 10045495 44211521
2026 10046998 44220656
2027 10048554 44237775
2028 10049880 44250019
2029 10051364 44253390
2030 10053312 44265102
2031 10055327 44280711
2032 10057191 44293364
2033 10059521 44299584
2034 10062039 44303004
2035 10063879 44316997
2036 10066317 44328964
2037 10067757 44332087
2038 10069348 44335212
2039 10071152 44343645
2040 10072668 44361001
2041 10074565 44374087
2042 10077233 44382650
2043 10079040 44390786
2044 10080913 44399706
2045 10082435 44403657
2046 10084393 44414845
2047 10085853 44418068
2048 10088122 44432961
2049 10089543 44445126
2050 10090928 44448386
2051 10092836 44453036
2052 10094803 44466124
2053 10096521 44474594
2054 10099012 44483223
2055 10101976 44497620
2056 10104115 44501416
2057 10105977 44515714
2058 10107654 44530364
2059 10109582 44540175
2060 10111525 44543410
2061 10113079 44561230
2062 10114599 44564605
2063 10116059 44567628
2064 10117711 44576712
2065 10119512 44584070
2066 10120941 44590172
2067 10122597 44598540
2068 10123972 44601502
2069 10126749 44615469
2070 10128341 44627870
2071 10130185 44639912
2072 10131792 44643125
2073 10133680 44656644
2074 10135712 44677244
2075 10139293 44689474
2076 10141269 44693086
2077 10143500 44698870
2078 10145307 44706732
2079 10146900 44719322
2080 10148467 44733937
2081 10150328 44737199
2082 10151910 44740234
2083 10153853 44755355
2084 10155541 44770313
2085 10157541 44773846
2086 10159265 44781479
2087 10160824 44798498
2088 10162552 44802176
2089 10164231 44813149
2090 10165898 44819954
2091 10168707 44827548
2092 10170924 44837218
2093 10172546 44844833
2094 10174146 44852779
2095 10175483 44855779
2096 10177338 44870546
2097 10179121 44882389
2098 10180456 44886029
2099 10181982 44892539
2100 10183443 44898497
2101 10185532 44910604
2102 10187599 44920430
2103 10189321 44926981
2104 10190533 44929972
2105 10193291 44933575
2106 10195115 44937338
2107 10197346 44949167
2108 10199165 44959423
2109 10200990 44971264
2110 10202460 44986999
2111 10204048 44997063
2112 10205761 45004496
2113 10207599 45012822
2114 10209379 45027337
2115 10211606 45033291
2116 10213246 45045297
2117 10214743 45051209
2118 10216364 45054298
2119 10218313 45064853
2120 10220104 45070794
2121 10221496 45079537
2122 10223116 45082974
2123 10224579 45098635
2124 10226315 45108369
2125 10228069 45120118
2126 10230196 45131017
2127 10231591 45137939
2128 10233407 45153504
2129 10234903 45169694
2130 10236822 45181790
2131 10238578 45185136
2132 10240202 45198494
2133 10241850 45204907
2134 10243495 45208026
2135 10244955 45219932
2136 10246372 45234136
2137 10248037 45242026
2138 10249700 45253402
2139 10251373 45256642
2140 10252835 45265366
2141 10254424 45280980
2142 10256114 45293269
2143 10258113 45306137
2144 10259847 45312449
2145 10261505 45479868
2146 10264634 45494798
2147 10267763 45508724
2148 10269891 45512364
2149 10271769 45515754
2150 10273511 45524381
2151 10275042 45532892
2152 10276865 45546923
2153 10278407 45556558
2154 10279687 45559597
2155 10281907 45567823
2156 10283779 45582101
2157 10285543 45591456
2158 10287302 45594694
2159 10289122 45609194
2160 10290543 45623864
2161 10292447 45630139
2162 10293897 45639207
2163 10295892 45644611
2164 10297216 45647690
2165 10298697 45655127
2166 10300619 45669298
2167 10302175 45677100
2168 10303592 45686240
2169 10305600 45699569
2170 10307123 45706387
2171 10309084 45711902
2172 10310453 45720675
2173 10312171 45727926
2174 10313940 45739828
2175 10315738 45745837
2176 10317254 45755682
2177 10319125 45758689
2178 10321127 45771406
2179 10322507 45778416
2180 10323884 45788154
2181 10325769 45791369
2182 10327357 45806595
2183 10328687 45809847
2184 10330049 45812660
2185 10333161 45818254
2186 10334940 45832591
2187 10337350 45846050
2188 10339212 45849518
2189 10341500 45863516
2190 10344251 45873781
2191 10345950 45889636
2192 10348843 45896593
2193 10351702 45906874
2194 10353946 45912756
2195 10356251 45927927
2196 10358310 45931605
2197 10360185 45946295
2198 10362145 45949810
2199 10364038 45953615
2200 10366788 45957203
2201 10369331 45969875
2202 10371731 45980149
2203 10374257 45986115
2204 10376354 45991783
2205 10378763 46000192
2206 10380874 46012558
2207 10383027 46024904
2208 10385133 46032968
2209 10386687 46037037
2210 10388904 46046256
2211 10391134 46054357
2212 10393562 46064846
2213 10395396 46071086
2214 10397885 46082496
2215 10400163 46092185
2216 10402223 46098399
2217 10404103 46108906
2218 10406527 46121524
2219 10408632 46134975
2220 10411184 46138624
2221 10413861 46152531
2222 10415692 46166031
2223 10417940 46172371
2224 10420019 46183433
2225 10421870 46192512
2226 10424466 46202539
2227 10426832 46212131
2228 10429293 46230026
2229 10431044 46246156
2230 10433362 46252069
2231 10435434 46263529
2232 10437412 46273452
2233 10439170 46280071
2234 10441017 46287915
2235 10442520 46290939
2236 10444725 46299515
2237 10446524 46308400
2238 10447797 46313028
2239 10450305 46318464
2240 10452711 46326612
2241 10454555 46332423
2242 10456907 46341905
2243 10461014 46349031
2244 10462943 46358798
2245 10465394 46366853
2246 10467271 46370261
2247 10469731 46376737
2248 10471561 46382945
2249 10473926 46391783
2250 10476440 46398100
2251 10479091 46411615
2252 10481717 46419087
2253 10484354 46427399
2254 10486670 46433012
2255 10489265 46436933
2256 10491763 46443185
2257 10494072 46446261
2258 10495793 46458319
2259 10498214 46464259
2260 10499552 46474006
2261 10500888 46476968
2262 10502048 46480487
2263 10503911 46491629
2264 10505844 46498537
2265 10507631 46505878
2266 10508837 46508918
2267 10510201 46521276
2268 10511252 46615206
2269 10513776 46625653
2270 10515541 46629024
2271 10517445 46632328
2272 10519233 46648414
2273 10521482 46652080
2274 10523702 46658462
2275 10525170 46668952
2276 10528031 46678038
2277 10529871 46689955
2278 10531302 46700683
2279 10533169 46716106
2280 10534922 46724826
2281 10536802 46732211
2282 10538092 46735334
2283 10539645 46743438
2284 10542526 46746527
2285 10544648 46756585
2286 10546234 46763251
2287 10547726 46766509
2288 10549478 46774740
2289 10551786 46782905
2290 10553503 46793276
2291 10555287 46796682
2292 10557130 46807886
2293 10558678 46822685
2294 10560380 46831027
2295 10562121 46836985
2296 10563499 46840217
2297 10565102 46848037
2298 10567491 46855599
2299 10569481 46858855
2300 10571125 46869744
2301 10573790 46881911
2302 10575864 46885567
2303 10579083 46895333
2304 10581092 46907082
2305 10582686 46910341
2306 10584666 46915724
2307 10586307 46928213
2308 10588258 46936145
2309 10590288 46939527
2310 10592796 46954738
2311 10594536 46969510
2312 10596545 46973028
2313 10598240 46986687
2314 10599639 46997562
2315 10601288 47002402
2316 10602700 47005504
2317 10604884 47019649
2318 10606481 47031036
2319 10608169 47034673
2320 10609788 47037790
2321 10611603 47049281
2322 10613138 47063390
2323 10614492 47067429
2324 10616804 47075029
2325 10618004 47077968
2326 10621070 47084626
2327 10622931 47096121
2328 10624304 47099211
2329 10626224 47112560
2330 10627984 47120433
2331 10629427 47135986
2332 10631048 47147479
2333 10632951 47164810
2334 10634235 47168874
2335 10635633 47178050
2336 10637543 47201972
2337 10638962 47211582
2338 10641008 47214957
2339 10642697 47228761
2340 10644018 47241141
2341 10645300 47244308
2342 10647958 47247477
2343 10649704 47253552
2344 10652050 47266519
2345 10653614 47270108
2346 10655948 47277703
2347 10658355 47290617
2348 10661431 47299270
2349 10663837 47314024
2350 10665986 47328760
2351 10667555 47343168
2352 10669428 47349068
2353 10671160 47353861
2354 10673696 47360409
2355 10675381 47374796
2356 10677208 47381654
2357 10678915 47384767
2358 10680389 47388007
2359 10681865 47391014
2360 10683459 47393958
2361 10684858 47407627
2362 10686337 47417880
2363 10688317 47423676
2364 10689932 47430041
2365 10691593 47438726
2366 10693273 47450075
2367 10694730 47453446
2368 10696350 47464265
2369 10698038 47481344
2370 10699865 47485382
2371 10702008 47491485
2372 10704428 47494655
2373 10706468 47507625
2374 10708117 47511319
2375 10709739 47514465
2376 10711236 47528649
2377 10712796 47532077
2378 10714172 47535114
2379 10716135 47538236
2380 10717768 47541336
2381 10719503 47555236
2382 10721090 47569621
2383 10722656 47573150
2384 10724529 47578463
2385 10726096 47581495
2386 10727586 47594807
2387 10729207 47610241
2388 10731176 47613752
2389 10733308 47620117
2390 10735005 47629390
2391 10736545 47637675
2392 10737898 47640869
2393 10739021 47643634
2394 10741605 47647766
2395 10744149 47655709
2396 10746360 47665744
2397 10748088 47681186
2398 10749803 47689091
2399 10751378 47704399
2400 10753100 47707870
2401 10755130 47714799
2402 10757199 47727916
2403 10758686 47731450
2404 10760423 47740331
2405 10762775 47743480
2406 10764739 47753992
2407 10766620 47763976
2408 10768078 47777037
2409 10769402 47788715
2410 10771876 47799174
2411 10773552 47811161
2412 10775378 47821788
2413 10776922 47831848
2414 10778425 47835317
2415 10779972 47838311
2416 10781844 47843844
2417 10783599 47851968
2418 10785024 47855133
2419 10786772 47864676
2420 10788423 47873897
2421 10790231 47880925
2422 10791812 47894494
2423 10793149 47898329
2424 10794799 47901772
2425 10796587 47907038
2426 10797989 47909991
2427 10799598 47913002
2428 10801078 47916113
2429 10803125 47922311
2430 10804505 47936141
2431 10806940 47939718
2432 10808690 47950131
2433 10810309 47958086
2434 10811788 47961137
2435 10813271 47974750
2436 10815002 47984838
2437 10816639 47988035
2438 10818121 47997036
2439 10819781 48000225
2440 10821627 48008399
2441 10823414 48021068
2442 10824704 48036269
2443 10826121 48041572
2444 10827253 48052377
2445 10830338 48064926
2446 10832012 48068144
2447 10834251 48079109
2448 10835830 48085044
2449 10837880 48092459
2450 10840620 48099681
2451 10842169 48102764
2452 10844432 48111667
2453 10846290 48117208
2454 10847853 48127207
2455 10851045 48135738
2456 10852745 48144458
2457 10855052 48147918
2458 10856881 48151007
2459 10858472 48154253
2460 10860152 48163139
2461 10862068 48176126
2462 10863773 48191442
2463 10865399 48200750
2464 10867133 48209696
2465 10868726 48218810
2466 10870166 48228492
2467 10871891 48235270
2468 10873655 48238452
2469 10876810 48246719
2470 10878677 48249867
2471 10880266 48264937
2472 10881991 48268298
2473 10883512 48271319
2474 10885707 48279416
2475 10887562 48287213
2476 10889057 48301917
2477 10890884 48305177
2478 10892654 48308509
2479 10894302 48322098
2480 10896271 48331411
2481 10897755 48341173
2482 10899644 48349501
2483 10901310 48352675
2484 10902967 48355785
2485 10904545 48372818
2486 10907907 48378875
2487 10910642 48385217
2488 10912595 48388462
2489 10914733 48394658
2490 10916973 48403508
2491 10918786 48406734
2492 10920403 48420560
2493 10922680 48425781
2494 10924539 48435148
2495 10926649 48441904
2496 10928505 48451712
2497 10930782 48458568
2498 10932264 48473147
2499 10934348 48487205
2500 10935831 48500217
2501 10937672 48511175
2502 10939476 48519079
2503 10941292 48530002
2504 10942812 48533145
2505 10944248 48546885
2506 10945894 48556851
2507 10947440 48570249
2508 10949246 48583851
2509 10950580 48587236
2510 10952517 48599063
2511 10954043 48602379
2512 10955212 48605366
2513 10967629 48610578
2514 10970903 48619071
2515 10972680 48626529
2516 10975204 48645351
2517 10976777 48655342
2518 10978293 48668258
2519 10979846 48678199
2520 10981642 48685712
2521 10983219 48690922
2522 10984820 48699225
2523 10986199 48716105
2524 10988272 48729573
2525 10989851 48732749
2526 10991379 48735726
2527 10992785 48749943
2528 10994614 48756107
2529 10997054 48762067
2530 10999322 48768018
2531 11000819 48772992
2532 11002846 48775915
2533 11004227 48779169
2534 11006062 48787611
2535 11007739 48793404
2536 11010316 48804747
2537 11012756 48815320
2538 11014744 48821154
2539 11016678 48835622
2540 11018300 48842243
2541 11020212 48854598
2542 11022318 48868485
2543 11024079 48872180
2544 11025570 48882149
2545 11027755 48891822
2546 11029511 48902720
2547 11031008 48914021
2548 11033178 48920373
2549 11035115 48923504
2550 11036756 48929563
2551 11038258 48932562
2552 11039643 48945079
2553 11041301 48955745
2554 11043057 48965175
2555 11044892 48972705
2556 11046470 48978396
2557 11048016 48987521
2558 11049308 48990925
2559 11051120 48998877
2560 11054665 49009844
2561 11056487 49013238
2562 11057890 49016132
2563 11059527 49025958
2564 11061148 49034729
2565 11062387 49071151
2566 11064890 49085978
2567 11066458 49089210
2568 11068404 49102304
2569 11070079 49108986
2570 11071472 49114538
2571 11073712 49123408
2572 11075006 49131623
2573 11076987 49138051
2574 11078232 49140850
2575 11079776 49143835
2576 11081144 49156063
2577 11083881 49162644
2578 11086118 49168455
2579 11087944 49178949
2580 11090112 49189939
2581 11091773 49202334
2582 11094013 49214224
2583 11095562 49223560
2584 11096983 49237488
2585 11098407 49240713
2586 11100204 49248769
2587 11102738 49260754
2588 11104485 49272405
2589 11106568 49283581
2590 11108425 49298475
2591 11110682 49307135
2592 11112264 49310492
2593 11113856 49315913
2594 11115738 49322470
2595 11117410 49325416
2596 11119424 49338190
2597 11120837 49347084
2598 11122962 49358281
2599 11125197 49365997
2600 11126707 49369104
2601 11128397 49383248
2602 11129969 49386596
2603 11131457 49398342
2604 11133497 49405808
2605 11135015 49408692
2606 11137668 49421826
2607 11139766 49429437
2608 11141381 49436812
2609 11143690 49450880
2610 11145762 49463617
2611 11147327 49466880
2612 11149112 49472663
2613 11150960 49479144
2614 11154284 49485070
2615 11156219 49488262
2616 11158539 49502859
2617 11160585 49515605
2618 11163110 49525377
2619 11165375 49537131
2620 11167187 49541252
2621 11169513 49552008
2622 11171718 49565032
2623 11173813 49576376
2624 11175836 49579823
2625 11177982 49585569
2626 11179830 49588565
2627 11181650 49595977
2628 11183290 49599376
2629 11185295 49607923
2630 11187750 49616899
2631 11189734 49623608
2632 11191583 49633743
2633 11193698 49639670
2634 11195734 49653545
2635 11197573 49660107
2636 11199344 49676612
2637 11201224 49682327
2638 11203063 49687478
2639 11204637 49690396
2640 11206462 49693412
2641 11208316 49696409
2642 11209910 49704870
2643 11211714 49712734
2644 11214131 49724602
2645 11215949 49737930
2646 11217342 49754625
2647 11218970 49767004
2648 11220956 49777692
2649 11222697 49790057
2650 11224656 49797893
2651 11226609 49808948
2652 11228364 49816923
2653 11230057 49828503
2654 11231788 49839823
2655 11233233 49851093
2656 11234649 49854226
2657 11236125 49865918
2658 11237815 49868993
2659 11239783 49872475
2660 11241883 49885432
2661 11244113 49896892
2662 11246555 49905393
2663 11248369 49918568
2664 11250168 49925801
2665 11251700 49937881
2666 11253156 49941200
2667 11254770 49946760
2668 11256029 49949679
2669 11257394 49959658
2670 11258929 49974083
2671 11260846 49984213
2672 11262127 49988300
2673 11263934 49992761
2674 11266212 49999676
2675 11268333 50006086
2676 11269738 50011155
2677 11271741 50024700
2678 11273952 50033083
2679 11275559 50039586
2680 11277931 50050338
2681 11280746 50058785
2682 11282176 50061817
2683 11284097 50071281
2684 11285546 50080457
2685 11286865 50089875
2686 11288606 50093154
2687 11290011 50096111
2688 11291579 50104129
2689 11292959 50107202
2690 11295143 50120582
2691 11297460 50130249
2692 11299672 50142212
2693 11301587 50151928
2694 11303544 50155444
2695 11305322 50164558
2696 11306645 50172737
2697 11308551 50184321
2698 11310133 50192805
2699 11311617 50200672
2700 11313210 50207010
2701 11315372 50209955
2702 11316872 50222704
2703 11319071 50228620
2704 11320831 50231770
2705 11322670 50238436
2706 11324716 50250893
2707 11326503 50257006
2708 11327843 50260203
2709 11329930 50266377
2710 11331369 50277049
2711 11332973 50290820
2712 11334688 50296218
2713 11337543 50307691
2714 11339138 50311066
2715 11340715 50314071
2716 11342209 50317839
2717 11344330 50327210
2718 11345820 50330224
2719 11347438 50333440
2720 11349246 50339607
2721 11350824 50353755
2722 11352687 50363844
2723 11354309 50367072
2724 11355862 50376013
2725 11357243 50379187
2726 11359140 50386682
2727 11360819 50397032
2728 11362368 50407848
2729 11363852 50418902
2730 11365501 50423127
2731 11367104 50435549
2732 11368768 50438784
2733 11370241 50448891
2734 11371807 50452164
2735 11373224 50459884
2736 11374581 50463043
2737 11376165 50471626
2738 11377990 50474776
2739 11379906 50483248
2740 11381538 50492455
2741 11383500 50499633
2742 11384817 50502495
2743 11386314 50505477
2744 11388522 50519508
2745 11390220 50523076
2746 11391829 50538280
2747 11393170 50548481
2748 11395390 50563221
2749 11396805 50566436
2750 11398754 50572545
2751 11400440 50580092
2752 11401789 50583460
2753 11402994 50586458
2754 11404198 50589384
2755 11406001 50596089
2756 11407753 50602118
2757 11409402 50607112
2758 11410805 50610070
2759 11412733 50616578
2760 11414348 50626967
2761 11415714 50642121
2762 11418354 50645519
2763 11420026 50658034
2764 11421685 50661768
2765 11423294 50676583
2766 11425182 50684914
2767 11426920 50688101
2768 11428596 50701471
2769 11430239 50709319
2770 11432850 50714497
2771 11434645 50723786
2772 11436144 50737324
2773 11438108 50749035
2774 11440133 50755199
2775 11441902 50764100
2776 11444220 50771722
2777 11445846 50777375
2778 11449253 50790297
2779 11450962 50793530
2780 11452493 50806404
2781 11454107 50822209
2782 11457411 50833525
2783 11460417 50844797
2784 11461996 50861586
2785 11465071 50869044
2786 11466558 50879521
2787 11467958 50882687
2788 11469511 50899804
2789 11471286 50905591
2790 11473187 50917876
2791 11475159 50921430
2792 11477353 50927440
2793 11479281 50939405
2794 11480813 50963121
2795 11482366 50966923
2796 11484029 50978101
2797 11485559 50988681
2798 11486937 50991944
2799 11488377 50995190
2800 11489803 50998117
2801 11491540 51001285
2802 11492836 51013241
2803 11494021 51016475
2804 11497204 51020193
2805 11499220 51028351
2806 11500764 51031320
2807 11502455 51044358
2808 11506992 51052800
2809 11511078 51058326
2810 11513516 51063560
2811 11516442 51066721
2812 11518778 51080150
2813 11521507 51094986
2814 11523503 51102952
2815 11526992 51112378
2816 11530030 51120966
2817 11532849 51130673
2818 11535420 51137880
2819 11537013 51141031
2820 11539106 51154076
2821 11541754 51166240
2822 11543837 51180674
2823 11546061 51193770
2824 11548335 51203208
2825 11550597 51209822
2826 11552461 51216324
2827 11554551 51228293
2828 11557196 51234410
2829 11558862 51239512
2830 11560511 51251246
2831 11562370 51263961
2832 11564591 51271454
2833 11566310 51274493
2834 11567870 51277416
2835 11569618 51280311
2836 11571617 51291490
2837 11573163 51304784
2838 11575052 51316669
2839 11576889 51322084
2840 11578559 51333672
2841 11580755 51340704
2842 11582635 51349411
2843 11584324 51354691
2844 11586782 51360071
2845 11588713 51370047
2846 11590834 51376800
2847 11592865 51382395
2848 11594624 51387632
2849 11596516 51394376
2850 11598516 51408105
2851 11599974 51421647
2852 11601946 51430538
2853 11604019 51436478
2854 11606310 51454804
2855 11608921 51465302
2856 11611046 51475912
2857 11614095 51487775
2858 11616134 51497393
2859 11618374 51508931
2860 11620220 51521076
2861 11623088 51530015
2862 11625479 51540979
2863 11627682 51548718
2864 11629440 51566343
2865 11632125 51572733
2866 11634351 51579035
2867 11636189 51589868
2868 11638215 51599345
2869 11640236 51607810
2870 11642280 51615245
2871 11644068 51627248
2872 11646008 51637335
2873 11648189 51649720
2874 11649940 51660221
2875 11651988 51668650
2876 11653932 51679779
2877 11655892 51688456
2878 11657695 51701342
2879 11659514 51714533
2880 11661452 51718056
2881 11663199 51729216
2882 11664884 51734312
2883 11666631 51744066
2884 11669323 51754525
2885 11671011 51757863
2886 11673118 51767648
2887 11674339 51778552
2888 11676236 51791651
2889 11678637 51801054
2890 11680745 51814339
2891 11682886 51821080
2892 11684886 51829342
2893 11686116 51838691
2894 11687934 51849116
2895 11689296 51852157
2896 11691334 51855353
2897 11693361 51863950
2898 11695614 51876073
2899 11697379 51889431
2900 11698942 51903183
2901 11700738 51909668
2902 11702574 51927064
2903 11704098 51938727
2904 11705521 51941811
2905 11706802 51951816
2906 11708534 51964381
2907 11710149 51972486
2908 11711481 51980715
2909 11713172 51994769
2910 11715160 52007308
2911 11717110 52018789
2912 11718308 52023956
2913 11719723 52026880
2914 11721190 52035798
2915 11722408 52038830
2916 11723860 52049488
2917 11725177 52052581
2918 11726735 52063525
2919 11728110 52066678
2920 11730013 52078238
2921 11731714 52089071
2922 11733004 52100466
2923 11734232 52109950
2924 11735584 52119553
2925 11736621 52199563
2926 11739326 52208445
2927 11741471 52211504
2928 11743298 52224832
2929 11745164 52232571
2930 11746619 52239156
2931 11748349 52251236
2932 11750060 52256851
2933 11752204 52263906
2934 11753636 52271383
2935 11755599 52280184
2936 11757486 52294004
2937 11759618 52305651
2938 11761431 52308730
2939 11763099 52322592
2940 11766630 52325773
2941 11767958 52328981
2942 11772607 52337870
2943 11776220 52360688
2944 11777870 52367283
2945 11779452 52370131
2946 11781890 52381453
2947 11783426 52385046
2948 11785202 52392837
2949 11786776 52400773
2950 11788262 52403808
2951 11789823 52412584
2952 11791407 52415709
2953 11792875 52426117
2954 11794389 52431374
2955 11795924 52434537
2956 11797693 52440414
2957 11799398 52448069
2958 11800924 52451093
2959 11802768 52458768
2960 11804235 52471081
2961 11805733 52474183
2962 11807144 52477324
2963 11808857 52486475
2964 11810153 52499135
2965 11811706 52511690
2966 11814829 52523536
2967 11816553 52526691
2968 11818350 52539848
2969 11820436 52551977
2970 11822163 52565337
2971 11823919 52573233
2972 11826405 52578796
2973 11828246 52584111
2974 11829823 52587077
2975 11831986 52594903
2976 11833618 52607776
2977 11835104 52610998
2978 11836795 52621384
2979 11838311 52633430
2980 11840014 52636534
2981 11841475 52639405
2982 11842947 52651842
2983 11844429 52663068
2984 11846477 52675868
2985 11848341 52681785
2986 11850289 52689064
2987 11852014 52697406
2988 11853889 52707921
2989 11855466 52710921
2990 11856747 52713713
2991 11858177 52725926
2992 11859743 52732128
2993 11861311 52737890
2994 11862481 52740703
2995 11865038 52746260
2996 11867018 52754385
2997 11869259 52757657
2998 11871336 52771492
2999 11873790 52777484
3000 11875523 52788268
3001 11877288 52801239
3002 11879018 52812441
3003 11881015 52829432
3004 11883655 52836619
3005 11892178 52843927
3006 11895409 52850098
3007 11897627 52856124
3008 11899975 52861800
3009 11902543 52867632
3010 11904475 52873780
3011 11906874 52883100
3012 11908967 52889121
3013 11911666 52900796
3014 11914299 52911952
3015 11916915 52923489
3016 11919425 52933790
3017 11922303 52945863
3018 11924735 52957270
3019 11929451 52960770
3020 11933046 52973197
3021 11935431 52981861
3022 11937804 52993808
3023 11940176 53004943
3024 11942295 53015270
3025 11944688 53025371
3026 11947206 53033632
3027 11949117 53041519
3028 11951266 53053805
3029 11953579 53060258
3030 11955579 53070606
3031 11957870 53082823
3032 11959932 53093708
3033 11962017 53099978
3034 11964203 53103234
3035 11966023 53130346
3036 11967865 53136670
3037 11970576 53145659
3038 11972523 53155765
3039 11974670 53159138
3040 11976678 53168402
3041 11978506 53179827
3042 11980748 53189019
3043 11982749 53192299
3044 11984681 53205520
3045 11986783 53211004
3046 11988740 53214125
3047 11991049 53224041
3048 11993791 53230733
3049 11996164 53238413
3050 11998366 53244642
3051 12000437 53256263
3052 12002410 53266100
3053 12004460 53276408
3054 12006538 53282467
3055 12008655 53294329
3056 12010775 53297572
3057 12012799 53307932
3058 12014381 53321009
3059 12017452 53332524
3060 12020427 53335796
3061 12022542 53346055
3062 12024574 53356779
3063 12026383 53363073
3064 12027949 53366152
3065 12029389 53374747
3066 12030623 53377555
3067 12032104 53386846
3068 12033337 53400512
3069 12034712 53407634
3070 12036554 53413572
3071 12038266 53428774
3072 12041685 53434064
3073 12043806 53439112
3074 12045868 53448684
3075 12047503 53454644
3076 12049931 53465939
3077 12052072 53471485
3078 12054371 53478204
3079 12056350 53481215
3080 12058082 53492271
3081 12060679 53497814
3082 12062955 53502781
3083 12065112 53514698
3084 12067493 53520021
3085 12069562 53528096
3086 12072030 53534118
3087 12073923 53543764
3088 12076140 53551066
3089 12078964 53554289
3090 12081842 53567408
3091 12084098 53570657
3092 12086255 53573744
3093 12088139 53577115
3094 12090266 53582849
3095 12092202 53585880
3096 12094158 53596818
3097 12096385 53606721
3098 12098135 53617548
3099 12100003 53628907
3100 12102224 53640365
3101 12104142 53651882
3102 12106498 53660783
3103 12109172 53669005
3104 12111344 53679360
3105 12113079 53689510
3106 12115142 53699101
3107 12116883 53707888
3108 12118419 53716934
3109 12120143 53725826
3110 12121870 53728883
3111 12124804 53735342
3112 12126779 53742942
3113 12128721 53748094
3114 12130335 53757310
3115 12132372 53766782
3116 12134115 53777212
3117 12136007 53784608
3118 12137505 53795339
3119 12139375 53801744
3120 12141163 53813365
3121 12143165 53823899
3122 12144813 53826802
3123 12146505 53837298
3124 12148487 53843528
3125 12150490 53850152
3126 12152567 53857328
3127 12154245 53866827
3128 12156027 53872086
3129 12157719 53878195
3130 12159145 53880989
3131 12160834 53887759
3132 12162413 53895377
3133 12163838 53898314
3134 12165922 53901068
3135 12167301 53913978
3136 12170403 53925179
3137 12172329 53928616
3138 12174465 53934544
3139 12175958 53939472
3140 12177414 53942185
3141 12179865 53952298
3142 12181728 53957627
3143 12183467 53969900
3144 12185100 53980470
3145 12186705 53987480
3146 12188404 53999759
3147 12189941 54012471
3148 12191386 54024748
3149 12193230 54032164
3150 12194541 54035176
3151 12196070 54041006
3152 12197357 54043766
3153 12198460 54047815
3154 12200481 54059407
3155 12202659 54064947
3156 12203939 54076451
3157 12205702 54085420
3158 12207791 54098058
3159 12209569 54110867
3160 12210953 54113905
3161 12212443 54116843
3162 12214175 54122520
3163 12215998 54132125
3164 12217733 54141793
3165 12219306 54154253
3166 12220647 54163374
3167 12222378 54166388
3168 12223896 54169166
3169 12225202 54172437
3170 12227708 54179674
3171 12229343 54190309
3172 12230755 54196104
3173 12232481 54205047
3174 12233747 54208129
3175 12235161 54214322
3176 12236125 54276162
3177 12239376 54285715
3178 12241030 54288672
3179 12243375 54296269
3180 12244760 54299115
3181 12246707 54310479
3182 12248631 54317275
3183 12251014 54323746
3184 12252841 54326639
3185 12254787 54329616
3186 12256533 54332506
3187 12258127 54343764
3188 12259604 54350449
3189 12261305 54357858
3190 12263131 54367848
3191 12265210 54384965
3192 12266960 54391962
3193 12268396 54394879
3194 12269941 54403761
3195 12271896 54413803
3196 12273846 54419217
3197 12275316 54423725
3198 12277204 54435112
3199 12279496 54444124
3200 12280779 54447181
3201 12282456 54456760
3202 12283824 54461187
3203 12286124 54466510
3204 12287637 54469196
3205 12289470 54478711
3206 12290859 54481826
3207 12292479 54484758
3208 12293968 54492684
3209 12295666 54495561
3210 12297474 54498484
3211 12298969 54510120
3212 12300446 54515852
3213 12302273 54520897
3214 12303798 54525936
3215 12305274 54533103
3216 12306955 54536026
3217 12308511 54546169
3218 12310324 54549425
3219 12311862 54557309
3220 12313391 54560193
3221 12315938 54570905
3222 12317521 54578495
3223 12319468 54589123
3224 12321290 54599063
3225 12324056 54610318
3226 12326777 54613690
3227 12329190 54620740
3228 12331022 54627269
3229 12332561 54639852
3230 12334823 54642923
3231 12336517 54654118
3232 12338319 54662570
3233 12340016 54675556
3234 12341927 54686056
3235 12343456 54694821
3236 12344923 54697798
3237 12348090 54703353
3238 12349915 54708074
3239 12352043 54711247
3240 12353993 54721643
3241 12356067 54737492
3242 12358035 54741065
3243 12360500 54750028
3244 12362462 54760446
3245 12363906 54763804
3246 12365859 54769826
3247 12367912 54776316
3248 12369670 54787528
3249 12372714 54796056
3250 12374938 54805457
3251 12376694 54819005
3252 12378779 54831063
3253 12380935 54839853
3254 12383421 54851555
3255 12386042 54862754
3256 12389267 54870136
3257 12391625 54881122
3258 12393752 54884485
3259 12395868 54887477
3260 12397872 54897340
3261 12399834 54904414
3262 12401529 54917413
3263 12403197 54925785
3264 12404865 54933956
3265 12406728 54939225
3266 12408317 54943858
3267 12411262 54950637
3268 12413445 54959319
3269 12415517 54962876
3270 12417709 54971464
3271 12419659 54983410
3272 12421589 54996481
3273 12423066 55004169
3274 12424666 55010348
3275 12426227 55013166
3276 12428143 55033463
3277 12431019 55039641
3278 12432639 55042450
3279 12434313 55052748
3280 12435766 55059813
3281 12438207 55070577
3282 12440383 55081307
3283 12443321 55089107
3284 12445846 55095969
3285 12448355 55103832
3286 12450644 55111098
3287 12453125 55119935
3288 12455645 55125266
3289 12457838 55130415
3290 12460179 55133613
3291 12462257 55144278
3292 12464600 55148683
3293 12466938 55156426
3294 12469017 55163371
3295 12470889 55174474
3296 12473309 55182962
3297 12475987 55186191
3298 12479072 55197430
3299 12481229 55200690
3300 12483587 55209097
3301 12485610 55212400
3302 12487687 55219836
3303 12490368 55225534
3304 12492932 55234100
3305 12494997 55247346
3306 12497215 55252638
3307 12499435 55263547
3308 12501244 55272200
3309 12503739 55284732
3310 12506285 55292541
3311 12508450 55297776
3312 12510500 55303118
3313 12512915 55312230
3314 12514934 55320835
3315 12517853 55329255
3316 12520278 55336934
3317 12522282 55343531
3318 12525215 55351176
3319 12527143 55363061
3320 12529835 55374865
3321 12531652 55383225
3322 12533671 55390967
3323 12535881 55403663
3324 12537647 55415560
3325 12539350 55426341
3326 12541681 55433735
3327 12544943 55439153
3328 12547153 55445668
3329 12549755 55457077
3330 12551914 55468560
3331 12553889 55478982
3332 12556335 55487102
3333 12558754 55492555
3334 12561361 55503334
3335 12563327 55516414
3336 12565097 55519983
3337 12566940 55528912
3338 12569147 55535223
3339 12571525 55546590
3340 12573772 55554388
3341 12576392 55565003
3342 12578550 55576737
3343 12580925 55588045
3344 12583850 55599441
3345 12586334 55609167
3346 12588396 55614426
3347 12590856 55623813
3348 12593312 55632626
3349 12595188 55643316
3350 12597148 55651849
3351 12599600 55658376
3352 12601330 55669497
3353 12603608 55676672
3354 12605466 55685606
3355 12607400 55688841
3356 12609514 55696725
3357 12611311 55704147
3358 12612991 55716773
3359 12615145 55720267
3360 12617415 55727245
3361 12619663 55734348
3362 12621744 55740069
3363 12623891 55749522
3364 12625840 55757058
3365 12627747 55759980
3366 12629291 55771983
3367 12630992 55782646
3368 12632439 55786386
3369 12634208 55793929
3370 12635932 55797680
3371 12639469 55805669
3372 12641261 55815447
3373 12642720 55826773
3374 12644587 55832356
3375 12646304 55842645
3376 12647544 55845413
3377 12649028 55848248
3378 12650879 55855902
3379 12652414 55875396
3380 12654654 55885292
3381 12656169 55890680
3382 12658747 55900707
3383 12660767 55906369
3384 12662643 55913221
3385 12664396 55923565
3386 12665889 55931169
3387 12667691 55936367
3388 12669670 55944147
3389 12671353 55949740
3390 12672907 55955859
3391 12675028 55963152
3392 12676616 55970833
3393 12678836 55976424
3394 12680534 55979154
3395 12682048 55981831
3396 12684044 55993324
3397 12686003 56003003
3398 12687487 56008384
3399 12689080 56013550
3400 12690622 56023826
3401 12692215 56028847
3402 12694690 56035990
3403 12696051 56038810
3404 12698157 56044469
3405 12699729 56054059
3406 12701533 56065308
3407 12703092 56075718
3408 12704829 56090499
3409 12706368 56093569
3410 12708364 56101833
3411 12710258 56109531
3412 12711937 56115766
3413 12713670 56127604
3414 12715313 56137715
3415 12716775 56141158
3416 12718562 56143989
3417 12720122 56155872
3418 12721837 56161953
3419 12723837 56166911
3420 12725416 56175627
3421 12726859 56181558
3422 12728259 56188616
3423 12729504 56191263
3424 12731786 56196594
3425 12733657 56205530
3426 12735385 56214195
3427 12737270 56217879
3428 12739050 56220716
3429 12740651 56234953
3430 12742652 56249477
3431 12746165 56260125
3432 12748283 56272532
3433 12750230 56276632
3434 12752748 56282948
3435 12754437 56291033
3436 12756242 56296261
3437 12757790 56309981
3438 12759844 56316313
3439 12761709 56332590
3440 12763927 56340561
3441 12765564 56348230
3442 12767514 56352208
3443 12769399 56366376
3444 12771002 56372690
3445 12772476 56379174
3446 12774051 56385135
3447 12775251 56391950
3448 12777483 56397828
3449 12779172 56410369
3450 12781300 56422961
3451 12783276 56429376
3452 12785631 56435533
3453 12787609 56439077
3454 12789246 56450360
3455 12790836 56453950
3456 12792264 56467651
3457 12794656 56476403
3458 12796780 56486770
3459 12798512 56490504
3460 12800111 56500310
3461 12801798 56509390
3462 12803423 56519791
3463 12805858 56534042
3464 12807881 56542422
3465 12809188 56549647
3466 12811626 56555996
3467 12813453 56568324
3468 12814887 56580977
3469 12816531 56587373
3470 12818430 56599326
3471 12819789 56603018
3472 12821677 56607163
3473 12823409 56621973
3474 12824869 56625180
3475 12826917 56641161
3476 12829457 56653203
3477 12831292 56660161
3478 12832730 56672773
3479 12834799 56680739
3480 12836980 56689993
3481 12839287 56695060
3482 12840999 56700139
3483 12842677 56704932
3484 12844403 56713180
3485 12845634 56715832
3486 12847246 56725281
3487 12849000 56738119
3488 12850681 56743088
3489 12852290 56751926
3490 12853537 56765108
3491 12855076 56768206
3492 12856478 56770860
3493 12858194 56778943
3494 12859593 56791177
3495 12861113 56794245
3496 12863411 56803527
3497 12864950 56814999
3498 12866393 56819689
3499 12868028 56826816
3500 12869349 56831693
3501 12870933 56840827
3502 12872670 56849192
3503 12873660 56882199
3504 12875268 56885162
3505 12877025 56893813
3506 12878550 56896547
3507 12880234 56901098
3508 12882541 56906189
3509 12885136 56914155
3510 12886629 56927335
3511 12888442 56930278
3512 12890654 56942191
3513 12892279 56945197
3514 12893856 56947846
3515 12895606 56954795
3516 12897334 56959450
3517 12899293 56965916
3518 12900698 56968669
3519 12902624 56980462
3520 12903968 56983611
3521 12905333 56989642
3522 12907137 56995272
3523 12908589 57011190
3524 12910899 57021838
3525 12912583 57026697
3526 12914544 57029577
3527 12916069 57032334
3528 12917481 57035031
3529 12919253 57045174
3530 12921143 57048419
3531 12922790 57058767
3532 12924528 57061890
3533 12926164 57065040
3534 12927790 57073276
3535 12929268 57079890
3536 12930877 57084772
3537 12933083 57091161
3538 12934889 57100292
3539 12936361 57112054
3540 12937745 57115069
3541 12939725 57124081
3542 12941710 57129185
3543 12943234 57134837
3544 12944885 57141933
3545 12947467 57147619
3546 12949845 57155813
3547 12951758 57159897
3548 12953745 57171901
3549 12955269 57182729
3550 12957095 57192693
3551 12958429 57195449
3552 12960829 57204897
3553 12962762 57208329
3554 12964430 57211113
3555 12966088 57223676
3556 12967808 57227074
3557 12969646 57236597
3558 12971148 57239744
3559 12972578 57242619
3560 12974369 57252629
3561 12975882 57258994
3562 12977768 57262104
3563 12979346 57274248
3564 12981057 57280307
3565 12982562 57287005
3566 12983956 57297398
3567 12985908 57300470
3568 12987507 57310408
3569 12989400 57319461
3570 12990993 57324049
3571 12992458 57341510
3572 12994898 57344543
3573 12996519 57347184
3574 12998086 57349832
3575 12999510 57352666
3576 13001111 57359717
3577 13002796 57362570
3578 13004576 57368698
3579 13006359 57380170
3580 13008169 57391639
3581 13009779 57394553
3582 13011293 57406621
3583 13013016 57409752
3584 13016659 57420706
3585 13018752 57430136
3586 13020454 57433004
3587 13022158 57444587
3588 13023956 57453750
3589 13025470 57456707
3590 13027177 57464219
3591 13028965 57469675
3592 13030987 57474492
3593 13032503 57479333
3594 13034027 57482003
3595 13035569 57488545
3596 13037058 57495775
3597 13038823 57506046
3598 13040244 57518098
3599 13042036 57523469
3600 13043462 57526262
3601 13045001 57529021
3602 13046431 57538021
3603 13047840 57545154
3604 13049044 57548118
3605 13050377 57557043
3606 13052068 57562212
3607 13053844 57568393
3608 13055225 57574606
3609 13056895 57580784
3610 13058334 57586749
3611 13060048 57592663
3612 13061189 57601203
3613 13063234 57613673
3614 13065449 57621865
3615 13067193 57633296
3616 13069190 57636356
3617 13070677 57639041
3618 13072006 57641866
3619 13073332 57644466
3620 13074883 57647222
3621 13076639 57654411
3622 13078553 57665376
3623 13080192 57671594
3624 13081900 57676527
3625 13083883 57684443
3626 13085363 57691961
3627 13086840 57694892
3628 13088649 57704239
3629 13090074 57711179
3630 13092252 57717113
3631 13093761 57725354
3632 13095208 57732349
3633 13097023 57741105
3634 13098788 57747810
3635 13100243 57755027
3636 13101947 57762453
3637 13103353 57773213
3638 13104848 57779783
3639 13106338 57782651
3640 13107932 57792511
3641 13109294 57801044
3642 13111511 57811103
3643 13113085 57815877
3644 13114622 57818638
3645 13115977 57821318
3646 13117394 57829181
3647 13118624 57838091
3648 13120200 57848107
3649 13121613 57850961
3650 13122974 57853868
3651 13124270 57859694
3652 13125466 57862532
3653 13126942 57867473
3654 13128542 57872714
3655 13129850 57875392
3656 13131253 57885943
3657 13132849 57891143
3658 13134131 57894025
3659 13135744 57899104
3660 13136928 57909097
3661 13138225 57918536
3662 13141075 57930780
3663 13143117 57939028
3664 13144845 57947801
3665 13146567 57954097
3666 13148640 57965199
3667 13150534 57977979
3668 13152336 57981103
3669 13154004 57993696
3670 13155676 58000333
3671 13157950 58008168
3672 13159869 58020635
3673 13162165 58031979
3674 13164233 58040725
3675 13165718 58051741
3676 13167325 58058315
3677 13169097 58063089
3678 13170768 58072190
3679 13172487 58080352
3680 13175059 58091135
3681 13177220 58097154
3682 13178849 58108510
3683 13180814 58120060
3684 13182970 58129138
3685 13185214 58134975
3686 13187006 58140556
3687 13189336 58148843
3688 13191253 58154511
3689 13193033 58160138
3690 13194428 58162927
3691 13195969 58169138
3692 13198040 58176171
3693 13199680 58178906
3694 13201474 58190203
3695 13203309 58197406
3696 13204790 58204458
3697 13206483 58209085
3698 13208179 58214258
3699 13209965 58217194
3700 13211638 58227822
3701 13213184 58240207
3702 13215277 58246657
3703 13216908 58254147
3704 13218484 58261789
3705 13220448 58271665
3706 13222065 58281628
3707 13224172 58289658
3708 13225933 58294928
3709 13227341 58297580
3710 13228905 58308674
3711 13230652 58311764
3712 13232126 58321625
3713 13233933 58324656
3714 13235756 58332708
3715 13237334 58340737
3716 13238665 58345190
3717 13240083 58353231
3718 13241735 58357790
3719 13242950 58366378
3720 13244518 58378103
3721 13246212 58383568
3722 13247576 58395875
3723 13249812 58405546
3724 13251162 58409043
3725 13253276 58416264
3726 13254921 58421650
3727 13256759 58429937
3728 13258340 58434610
3729 13260600 58446204
3730 13262253 58449684
3731 13263950 58457620
3732 13265537 58465928
3733 13267025 58468916
3734 13268730 58476849
3735 13270587 58484177
3736 13272269 58487203
3737 13274027 58501228
3738 13275611 58508770
3739 13277059 58511616
3740 13278396 58514631
3741 13279818 58522090
3742 13281333 58529886
3743 13282926 58535033
3744 13284550 58542563
3745 13286462 58546216
3746 13287791 58553052
3747 13290310 58555808
3748 13291949 58558404
3749 13293307 58567354
3750 13295218 58575375
3751 13296776 58580762
3752 13298720 58585549
3753 13300430 58588875
3754 13302697 58601345
3755 13304337 58614298
3756 13305894 58623770
3757 13307751 58636499
3758 13309159 58639403
3759 13310755 58642897
3760 13312107 58645834
3761 13313703 58655925
3762 13315668 58670210
3763 13316980 58680485
3764 13318639 58685716
3765 13320305 58688963
3766 13321865 58696942
3767 13323801 58709819
3768 13325517 58721461
3769 13327053 58732031
3770 13328460 58741388
3771 13329776 58751520
3772 13331285 58756603
3773 13332604 58759567
3774 13333947 58766788
3775 13335753 58773043
3776 13336993 58775619
3777 13338260 58786533
3778 13339846 58795780
3779 13341787 58804142
3780 13345129 58807095
3781 13346511 58809591
3782 13348910 58815782
3783 13350528 58827034
3784 13352790 58835532
3785 13355449 58840613
3786 13357287 58847668
3787 13359087 58858655
3788 13360785 58869151
3789 13362579 58876150
3790 13364649 58881189
3791 13366705 58891744
3792 13369090 58902202
3793 13371559 58910723
3794 13373660 58920513
3795 13375763 58930709
3796 13378035 58936941
3797 13380544 58942085
3798 13382523 58949035
3799 13384756 58960457
3800 13386855 58970083
3801 13389134 58977652
3802 13391052 58989527
3803 13393187 58998256
3804 13395122 59006668
3805 13396953 59011943
3806 13398824 59018836
3807 13400027 59026220
3808 13402981 59036024
3809 13405302 59039823
3810 13407226 59042652
3811 13409480 59052816
3812 13411290 59057742
3813 13412955 59066009
3814 13415017 59072485
3815 13417125 59080293
3816 13418546 59089086
3817 13420470 59097304
3818 13422172 59107384
3819 13423585 59110039
3820 13425196 59121272
3821 13427051 59131734
3822 13428307 59134297
3823 13430520 59138781
3824 13432700 59144679
3825 13434668 59149303
3826 13436348 59151993
3827 13438042 59159548
3828 13439879 59166024
3829 13441697 59172082
3830 13443444 59175049
3831 13444961 59177660
3832 13447163 59186866
3833 13448780 59189739
3834 13450544 59198550
3835 13452390 59207112
3836 13454616 59210418
3837 13456687 59221048
3838 13457995 59233867
3839 13460992 59242331
3840 13463757 59247577
3841 13465447 59250235
3842 13468236 59253414
3843 13470159 59263989
3844 13472108 59272838
3845 13474579 59279365
3846 13476661 59289763
3847 13478986 59294718
3848 13480854 59297515
3849 13482728 59301966
3850 13484419 59309921
3851 13486480 59321388
3852 13488598 59331701
3853 13490342 59343415
3854 13492088 59354926
3855 13494386 59360437
3856 13496049 59370793
3857 13497672 59379801
3858 13499220 59385719
3859 13501223 59388977
3860 13503322 59396681
3861 13504696 59399302
3862 13506564 59402220
3863 13508498 59405215
3864 13510441 59414117
3865 13512204 59426307
3866 13514012 59435176
3867 13515471 59444587
3868 13517374 59451272
3869 13519157 59457469
3870 13521264 59462898
3871 13522881 59470536
3872 13524658 59476567
3873 13526547 59482243
3874 13528707 59489766
3875 13531608 59492509
3876 13533769 59504949
3877 13535772 59517424
3878 13537890 59523568
3879 13539794 59530753
3880 13540965 59551049
3881 13543350 59555846
3882 13544901 59566498
3883 13546862 59577847
3884 13548622 59583535
3885 13550237 59592915
3886 13551727 59595689
3887 13553458 59605136
3888 13555330 59610636
3889 13557311 59616850
3890 13558691 59619303
3891 13561219 59631541
3892 13563775 59640895
3893 13565730 59646251
3894 13567857 59657687
3895 13570196 59662878
3896 13572025 59668163
3897 13573491 59677083
3898 13575533 59683898
3899 13577257 59689114
3900 13578878 59698731
3901 13580794 59701672
3902 13582367 59712385
3903 13583842 59715193
3904 13585460 59725302
3905 13587194 59728169
3906 13589316 59737042
3907 13590848 59743918
3908 13592358 59753880
3909 13594483 59764675
3910 13596073 59773681
3911 13597292 59776610
3912 13598817 59783634
3913 13600443 59789685
3914 13602154 59796280
3915 13603760 59807979
3916 13605159 59818034
3917 13606824 59822200
3918 13608440 59832078
3919 13610430 59841646
3920 13612033 59850910
3921 13613595 59859551
3922 13614841 59868943
3923 13616655 59874785
3924 13618100 59877646
3925 13619564 59882690
3926 13620801 59885728
3927 13622148 59889114
3928 13623420 59891631
3929 13625081 59902603
3930 13626531 59913446
3931 13628201 59922971
3932 13629738 59931170
3933 13631204 59937888
3934 13633560 59944744
3935 13635257 59954093
3936 13636897 59961891
3937 13639169 59967146
3938 13640989 59977104
3939 13642709 59988445
3940 13644273 59996613
3941 13645905 60004319
3942 13647216 60011176
3943 13649796 60013972
3944 13651424 60023100
3945 13652993 60031517
3946 13654968 60036433
3947 13656937 60039448
3948 13658805 60047866
3949 13661166 60055370
3950 13662975 60058766
3951 13664905 60065991
3952 13666718 60069098
3953 13668851 60078634
3954 13670348 60086739
3955 13672360 60096838
3956 13673554 60103070
3957 13675602 60112026
3958 13677445 60122047
3959 13679259 60128339
3960 13680773 60138313
3961 13683905 60148486
3962 13686199 60158860
3963 13688099 60166953
3964 13689632 60169681
3965 13691108 60177683
3966 13692465 60185416
3967 13694457 60195258
3968 13695707 60208337
3969 13697058 60213834
3970 13699982 60219556
3971 13701712 60228807
3972 13703960 60231901
3973 13706001 60244017
3974 13707796 60246998
3975 13709290 60252827
3976 13711047 60263920
3977 13713128 60274863
3978 13715216 60280513
3979 13716839 60289277
3980 13718327 60298870
3981 13720629 60302305
3982 13722284 60311919
3983 13723750 60317615
3984 13725552 60323472
3985 13727127 60334570
3986 13728750 60342159
3987 13730195 60352153
3988 13732753 60363251
3989 13734329 60374116
3990 13735702 60379107
3991 13737275 60385808
3992 13739005 60395101
3993 13740508 60400000
3994 13742279 60408817
3995 13743750 60411685
3996 13744689 60414255
