1 143222 119177
2 191700 185073
3 205532 204255
4 224644 229071
5 237037 248880
6 249181 266879
7 258947 281023
8 287582 354161
9 298912 372512
10 312546 449103
11 329609 469364
12 340033 484021
13 349564 500555
14 359725 520318
15 370081 537268
16 379088 552202
17 389183 566340
18 399246 583388
19 408810 597182
20 419561 612836
21 429729 628747
22 438554 638509
23 448802 654692
24 458086 679654
25 466860 709707
26 479944 730116
27 490009 748100
28 500342 763133
29 510148 777315
30 520316 791660
31 528944 805028
32 539230 821105
33 548829 844270
34 557539 862250
