0 5826610 88118862
1 5310808 31171589
2 3793568 26035056
3 6270758 81235654
4 2707292 31044662
5 2887530 47237089
6 2862843 50494656
7 3326922 61723765
8 2605694 45791319
9 5629608 69506730
10 2217385 41100849
11 1811730 33509956
12 3243979 65710965
13 3076706 64172372
14 2520774 54518991
15 2222661 44732302
16 2739001 64248496
17 2367091 49327651
18 6727780 101846288
19 4514243 63622755
20 3021528 79834552
21 2013688 48121245
22 2516628 63089575
23 3452136 95639028
24 2722303 73981775
25 2759821 44592293
26 2602036 71798291
27 2425984 69382557
28 3332304 101714185
29 3060953 93267985
30 2498001 75143283
31 2563491 75065833
32 2992421 94113246
33 2387744 74940489
34 3087040 100485891
35 2805462 92649138
36 2809159 96474007
