1 22249 333111
2 28945 486184
3 34198 624828
4 38893 859954
5 48264 1056428
6 55405 1222501
7 61561 1458610
8 76349 1582335
9 84624 1835769
10 93506 2048615
11 103531 2259249
12 111313 2471345
13 119348 2686231
14 127657 2824656
15 135479 2999455
16 143460 3123593
17 152608 3298215
18 160642 3423280
19 168286 3550300
20 176677 3698270
21 186253 3820687
22 194309 4139916
23 201700 4439517
24 213842 4614849
25 223286 4808398
26 234093 4991868
27 243331 5318925
28 252831 5547445
29 263899 5831103
30 273274 6138109
31 282613 6184660
32 292836 6368106
33 301591 6514584
34 311864 6661431
35 323840 6789279
36 335940 6864436
37 345789 6912559
38 356643 7221800
39 366085 7418276
40 374576 7473214
41 383973 7561413
42 394951 7654561
43 404438 7809753
44 413276 7851137
45 423357 7884574
46 436154 7935446
47 446201 7974569
48 455753 8015926
49 466725 8045834
50 476855 8097545
51 488447 8148051
52 498178 8195669
53 508494 8232533
54 518883 8269442
55 529407 8306931
56 539420 8336392
57 549666 8391094
58 558617 8422127
59 566861 8468740
60 577043 8507578
61 585856 8546208
62 594520 8586762
63 603499 8627921
64 620917 8662614
65 630074 8693076
66 639558 8729490
67 649444 8765219
68 658163 8804458
69 667530 8837148
70 676501 8871541
71 686480 8924341
72 694351 8963515
73 702938 9003837
74 713063 9044365
75 721987 9078475
76 729511 9110366
77 737326 9140618
78 746613 9170952
79 754113 9209779
80 763133 9240358
81 773302 9272008
82 785653 9312567
83 796102 9347269
84 806926 9389911
85 816814 9423779
86 827278 9458460
87 837975 9496464
88 847029 9539186
89 855938 9573954
90 864612 9611571
91 874148 9644075
92 882486 9687200
93 890507 9717586
94 900305 9758272
95 908672 9791676
96 918105 9829321
97 927291 9859340
98 936400 9891681
99 944660 9924310
100 953750 9952956
101 963283 9983544
102 972722 10019441
103 981765 10058918
104 990475 10095942
105 998972 10126647
106 1007677 10155390
107 1016813 10197493
108 1025987 10233435
109 1034290 10264421
110 1042257 10305228
111 1052643 10347129
112 1060620 10379408
113 1068499 10424054
114 1077779 10457319
115 1087384 10493138
116 1095776 10523093
117 1104819 10563085
118 1116320 10604834
119 1125580 10642601
120 1136906 10681784
121 1146838 10721814
122 1155764 10758670
123 1163770 10791691
124 1173523 10828778
125 1183217 10868922
126 1191338 10898839
127 1200952 10935924
128 1217505 10967619
129 1238277 10997169
130 1243493 11034131
131 1248413 11074940
132 1253728 11111480
133 1258768 11145447
134 1263022 11182455
135 1266909 11214756
136 1270603 11245279
137 1274657 11280902
138 1278535 11321325
139 1282403 11351418
140 1285871 11391130
141 1289405 11439438
142 1293663 11475818
143 1298459 11518169
144 1303008 11555835
145 1306868 11590715
146 1310807 11627438
147 1315023 11664899
148 1322246 11704479
149 1326491 11746343
150 1330588 11786219
151 1334395 11819286
152 1338238 11850420
153 1342031 11893342
154 1345900 11953245
155 1349577 12067998
156 1353392 12116717
157 1357348 12174305
158 1361014 12247223
159 1364715 12311182
160 1368707 12355554
161 1372218 12399285
162 1376057 12436523
163 1379987 12467744
164 1384046 12511456
165 1388262 12548281
166 1391677 12586612
167 1395246 12620591
168 1398934 12651643
169 1402216 12681649
170 1404959 12719492
171 1407320 12754346
172 1409543 12794687
173 1411593 12826171
174 1413529 12865609
175 1415650 12901990
176 1417744 12938014
177 1419821 12978714
178 1423664 13016863
179 1426063 13054344
180 1428067 13083666
181 1430311 13120394
182 1433445 13161894
183 1435562 13192627
184 1437582 13223785
185 1439543 13252960
186 1441636 13284991
187 1443811 13318599
188 1446116 13348286
189 1448686 13387927
190 1450745 13423783
191 1452941 13462277
192 1471929 13493147
193 1476774 13527095
194 1480474 13556721
195 1484305 13585619
196 1487705 13614880
197 1491057 13659721
198 1494942 13689085
199 1499398 13722303
200 1503384 13761358
201 1507322 13790887
202 1511216 13823091
203 1514948 13855776
204 1519089 13887196
205 1522667 13926350
206 1526264 13957330
207 1532267 14046454
208 1545312 14083256
209 1549459 14116265
210 1553685 14176045
211 1557514 14218220
212 1560888 14258830
213 1565385 14295374
214 1568883 14338553
215 1572178 14368165
216 1575787 14396965
217 1579621 14459157
218 1583187 14497344
219 1586892 14534530
220 1590416 14567690
221 1593598 14634597
222 1596948 14664455
223 1600270 14706095
224 1604192 14762962
225 1608154 14795191
226 1611638 14828167
227 1615625 14884010
228 1619211 14913910
229 1622808 14970387
230 1627134 15002444
231 1631411 15067669
232 1635237 15100114
233 1638892 15142316
234 1642343 15184197
235 1646816 15221323
236 1650823 15261791
237 1655107 15293827
238 1660505 15353196
239 1664019 15385034
240 1667568 15424521
241 1671276 15496821
242 1675085 15542273
243 1679074 15577364
244 1682971 15615104
245 1687349 15671341
246 1691348 15711983
247 1695177 15755192
248 1699370 15820417
249 1703236 15878716
250 1707110 15972189
251 1711503 16042202
252 1715757 16125746
253 1719653 16168984
254 1723805 16206495
255 1727247 16237025
256 1972861 16319976
257 1979656 16385615
258 1983436 16443860
259 1987046 16541715
260 1990679 16617456
261 1994377 16694232
262 1997828 16792562
263 2000832 16849109
264 2004183 16905164
265 2007063 17003929
266 2012218 17102263
267 2016022 17139845
268 2019295 17188339
269 2022526 17224865
270 2025985 17248460
271 2030003 17275315
272 2033585 17297247
273 2036705 17373726
274 2041048 17393954
275 2045264 17399502
276 2049279 17445759
277 2052736 17465426
278 2056331 17501638
279 2059918 17509833
280 2063500 17583178
281 2066894 17588671
282 2070947 17634228
283 2074625 17676400
284 2078351 17686498
285 2081828 17729213
286 2085629 17833714
287 2089046 17839398
288 2092357 17876562
289 2095630 17917618
290 2099256 17990024
291 2102768 18003043
292 2106138 18067106
293 2108895 18071843
294 2112019 18141008
295 2115506 18162237
296 2118757 18169322
297 2122407 18203232
298 2135642 18218313
299 2139527 18222795
300 2142554 18228623
301 2146072 18266966
302 2149129 18388243
303 2152271 18453195
304 2155524 18458610
305 2158890 18469362
306 2162359 18480994
307 2166015 18497852
308 2169355 18565629
309 2172965 18621015
310 2175827 18695848
311 2179944 18734793
312 2183979 18777615
313 2187866 18789243
314 2191252 18794946
315 2195311 18819538
316 2198844 18824688
317 2203006 18874560
318 2207001 18958481
319 2212582 18986349
320 2218754 19042600
321 2223071 19110560
322 2227439 19147446
323 2231562 19173784
324 2236635 19193696
325 2241769 19209091
326 2245425 19246174
327 2250065 19269026
328 2253993 19287407
329 2258262 19297348
330 2262541 19321342
331 2266325 19357528
332 2270848 19381879
333 2274948 19391417
334 2279813 19414015
335 2284798 19445476
336 2288896 19479259
337 2294168 19492260
338 2298348 19530483
339 2302008 19554648
340 2305386 19579104
341 2308954 19584140
342 2312994 19612083
343 2316457 19645816
344 2320009 19683793
345 2323812 19716960
346 2327657 19724341
347 2331241 19735232
348 2335194 19778567
349 2340685 19788305
350 2344262 19830369
351 2347853 19857649
352 2350835 19885569
353 2353884 19888455
354 2357036 19931408
355 2359858 19946491
356 2363719 19966958
357 2368122 19974829
358 2371839 19985846
359 2376716 19995437
360 2380398 20026603
361 2383397 20061680
362 2387066 20076806
363 2390738 20108854
364 2394277 20142831
365 2398071 20167833
366 2401708 20182523
367 2405636 20221201
368 2409646 20238969
369 2413464 20263622
370 2418267 20279105
371 2421585 20316410
372 2424770 20341522
373 2428225 20344584
374 2431843 20377307
375 2435472 20391638
376 2439094 20400305
377 2442381 20437638
378 2445538 20470218
379 2450752 20500976
380 2454495 20524587
381 2457595 20542735
382 2467068 20565867
383 2471033 20599244
384 2478988 20632029
385 2482033 20656748
386 2484991 20680864
387 2488499 20697048
388 2490913 20699544
389 2493636 20733923
390 2496389 20769766
391 2499724 20791030
392 2502477 20794460
393 2505125 20804022
394 2508189 20826871
395 2510950 20829369
396 2514026 20869614
397 2517184 20872567
398 2520144 20875010
399 2523042 20902794
400 2525911 20936981
401 2529103 20952028
402 2532568 20975479
403 2535486 20993938
404 2538547 21021372
405 2541481 21064441
406 2544449 21091518
407 2548467 21118107
408 2551980 21146050
409 2555323 21162188
410 2558267 21164863
411 2560985 21167338
412 2563876 21169669
413 2566784 21208334
414 2570387 21236200
415 2573366 21264848
416 2576240 21286710
417 2579229 21296940
418 2582208 21325052
419 2585114 21344861
420 2587742 21353993
421 2590755 21387566
422 2593748 21419228
423 2596463 21435554
424 2599984 21458177
425 2603003 21478744
426 2605945 21495035
427 2608552 21497325
428 2611732 21506003
429 2614819 21508528
430 2617860 21539588
431 2620669 21542258
432 2624014 21573692
433 2627101 21577312
434 2631121 21591737
435 2635391 21594190
436 2638668 21614641
437 2642015 21624122
438 2645344 21650979
439 2648390 21656648
440 2651592 21659339
441 2654978 21672763
442 2657826 21687781
443 2660591 21713762
444 2663312 21735425
445 2666372 21747891
446 2669314 21757601
447 2672212 21770678
448 2675305 21773174
449 2678285 21815872
450 2681078 21835394
451 2684249 21842316
452 2687547 21845002
453 2690228 21862750
454 2692774 21867504
455 2695789 21894327
456 2698633 21917929
457 2701187 21931800
458 2703947 21940641
459 2706368 21942842
460 2710502 21976821
461 2713406 21979569
462 2715948 21983097
463 2719097 21985466
464 2721989 22023195
465 2724624 22026150
466 2727008 22028753
467 2729627 22056688
468 2732333 22060879
469 2735389 22091991
470 2737585 22095051
471 2740560 22103068
472 2743116 22117360
473 2745520 22122021
474 2748654 22147395
475 2751625 22153509
476 2754849 22166653
477 2757546 22203077
478 2760384 22234858
479 2763296 22250321
480 2766033 22252751
481 2768634 22285313
482 2771495 22316657
483 2774343 22329727
484 2777193 22339917
485 2779494 22358631
486 2781700 22360867
487 2786106 22375546
488 2788416 22379329
489 2791491 22402985
490 2795543 22438855
491 2799052 22462537
492 2803052 22479186
493 2806271 22496255
494 2809508 22526874
495 2812432 22538220
496 2815339 22569708
497 2818894 22582071
498 2822159 22608803
499 2825180 22622694
500 2828619 22628859
501 2831525 22656231
502 2834178 22671396
503 2837148 22673883
504 2840203 22691372
505 2843044 22725860
506 2846050 22756384
507 2848877 22766486
508 2851780 22779637
509 2854564 22781952
510 2857265 22819976
511 2860363 22823789
512 2872643 22838921
513 2876879 22861871
514 2880315 22883672
515 2883753 22901944
516 2886924 22904937
517 2891120 22952244
518 2894129 22988377
519 2896678 23023947
520 2899387 23064328
521 2902512 23195641
522 2905400 23208468
523 2908216 23242517
524 2911526 23270222
525 2914292 23273660
526 2917314 23276166
527 2920044 23278338
528 2922897 23364384
529 2925476 23368930
530 2928425 23398269
531 2931276 23402020
532 2934213 23417511
533 2937018 23419918
534 2939838 23471879
535 2943881 23504349
536 2947160 23527578
537 2950505 23559670
538 2953606 23608121
539 2956370 23646707
540 2959271 23656868
541 2961806 23659109
542 2965392 23699054
543 2968150 23703348
544 2970911 23795605
545 2975033 23805179
546 2977817 23808292
547 2980944 23821578
548 2983528 23825972
549 2986107 23828215
550 2989062 23830572
551 2994355 23855659
552 2998068 23869057
553 3000799 23871464
554 3003396 23968724
555 3005747 23984859
556 3008398 23995353
557 3011973 24033457
558 3014950 24050355
559 3017813 24060563
560 3021052 24147411
561 3024241 24178298
562 3026928 24207324
563 3029470 24296158
564 3031988 24307629
565 3034462 24309985
566 3037747 24338349
567 3040499 24369596
568 3042961 24372772
569 3046071 24383437
570 3048586 24387338
571 3051213 24389595
572 3054130 24461929
573 3057283 24469387
574 3059823 24492549
575 3062551 24495215
576 3067042 24521109
577 3069966 24615020
578 3073083 24622568
579 3075915 24645988
580 3079701 24670202
581 3082471 24683890
582 3084889 24698125
583 3087647 24778293
584 3090385 24781340
585 3093485 24806221
586 3096663 24810922
587 3099557 24817991
588 3102496 24846551
589 3105017 24848934
590 3107707 24913831
591 3111162 24946885
592 3114186 24959878
593 3117033 24976200
594 3119643 24986032
595 3122370 24988234
596 3124741 24990313
597 3127372 24992512
598 3129917 25067882
599 3132708 25094106
600 3135439 25096840
601 3137840 25099046
602 3140370 25133106
603 3143021 25222212
604 3145748 25225501
605 3148735 25247227
606 3151148 25250679
607 3154305 25263760
608 3156224 25265889
609 3158251 25296006
610 3163208 25350978
611 3166425 25355143
612 3169201 25357443
613 3172419 25391551
614 3175430 25398165
615 3179143 25411335
616 3181929 25425056
617 3184798 25436372
618 3187957 25473593
619 3190879 25490707
620 3194433 25495668
621 3197868 25503083
622 3200647 25527708
623 3203502 25530116
624 3206476 25561372
625 3209313 25563909
626 3211849 25647243
627 3215171 25662731
628 3218131 25676621
629 3222062 25686065
630 3225512 25720000
631 3229073 25732938
632 3232839 25810830
633 3237724 25838695
634 3241832 25869796
635 3245615 25877382
636 3248615 25885668
637 3251970 25966865
638 3254843 26005140
639 3258296 26010513
640 3263025 26034576
641 3266530 26041336
642 3269727 26055288
643 3273315 26058151
644 3277119 26130857
645 3280070 26152462
646 3283606 26162613
647 3286525 26169661
648 3289429 26171869
649 3292234 26177359
650 3295407 26194105
651 3298758 26196643
652 3302359 26211445
653 3307064 26231369
654 3310381 26270273
655 3314337 26287028
656 3317447 26289696
657 3320712 26304246
658 3323884 26325056
659 3326577 26345259
660 3330343 26392574
661 3333481 26396814
662 3336607 26406870
663 3355924 26436360
664 3360144 26448393
665 3362839 26465883
666 3365261 26588754
667 3368167 26616200
668 3370704 26650227
669 3373147 26652956
670 3375495 26684402
671 3378251 26701511
672 3381257 26729316
673 3384833 26763013
674 3388485 26779319
675 3393186 26866212
676 3396324 26915993
677 3399441 26936644
678 3401763 26962232
679 3404688 26968185
680 3408022 26978969
681 3410909 26991054
682 3413690 27077331
683 3417051 27101072
684 3420080 27127183
685 3423101 27136985
686 3425955 27158834
687 3429097 27189121
688 3432029 27199520
689 3435766 27221959
690 3438520 27224629
691 3441295 27258220
692 3444403 27267734
693 3447355 27275301
694 3450251 27279360
695 3453264 27361058
696 3456484 27364413
697 3460731 27390918
698 3463911 27424806
699 3467022 27468157
700 3470241 27503189
701 3473437 27525862
702 3476316 27528883
703 3478940 27531485
704 3482166 27538583
705 3485439 27637870
706 3490445 27647233
707 3493501 27678230
708 3496135 27709832
709 3499235 27796401
710 3501983 27815624
711 3505364 27832966
712 3508260 27835526
713 3511159 27837826
714 3513810 27839951
715 3516856 27871680
716 3519610 27874273
717 3522339 27877136
718 3525612 27879529
719 3529420 27939142
720 3532818 27945022
721 3535275 27947219
722 3538188 27949406
723 3541307 27969991
724 3543923 27986567
725 3546555 28018048
726 3549056 28101236
727 3552369 28120071
728 3554881 28145159
729 3557556 28147783
730 3560214 28179369
731 3562829 28191976
732 3565531 28202084
733 3567994 28313061
734 3570913 28359283
735 3573478 28393215
736 3576129 28397477
737 3579515 28439165
738 3582163 28447187
739 3584734 28575524
740 3587580 28584764
741 3590632 28597117
742 3593840 28612546
743 3598026 28620951
744 3601415 28656094
745 3604665 28667289
746 3607343 28669635
747 3610053 28769238
748 3612883 28775604
749 3615861 28809498
750 3618918 28819906
751 3621643 28822439
752 3624239 28824592
753 3626495 28851080
754 3629109 28935048
755 3632104 28948853
756 3634811 28993206
757 3637598 29016590
758 3641240 29103054
759 3644423 29125258
760 3647722 29141575
761 3650546 29148504
762 3652966 29151246
763 3655711 29174123
764 3658331 29190693
765 3661084 29193052
766 3663858 29261498
767 3667877 29267133
768 3672090 29299571
769 3674874 29302531
770 3677772 29323106
771 3679361 29325555
772 3680940 29404745
773 3682410 29424113
774 3683969 29434055
775 3685656 29449219
776 3687268 29462711
777 3688816 29467231
778 3690216 29541407
779 3691649 29550063
780 3693009 29574156
781 3694348 29580497
782 3695690 29584608
783 3697250 29606862
784 3698631 29609372
785 3699940 29626673
786 3701201 29641349
787 3702684 29717946
788 3704100 29732882
789 3705427 29747969
790 3706708 29750218
791 3708763 29775656
792 3710482 29817971
793 3712030 29821531
794 3713612 29838394
795 3714929 29841181
796 3716529 29876432
797 3717930 29910739
798 3720053 29940768
799 3721855 29970129
800 3723347 29977411
801 3724771 29979639
802 3726356 30003047
803 3727634 30055074
804 3729244 30079586
805 3730643 30087529
806 3731949 30090157
807 3733398 30109884
808 3734732 30112769
809 3736346 30124056
810 3737645 30149597
811 3738964 30231833
812 3741012 30256832
813 3742819 30266483
814 3744397 30268900
815 3746207 30297535
816 3748224 30300209
817 3749787 30388168
818 3751207 30391297
819 3752753 30422743
820 3754075 30425238
821 3755480 30454485
822 3757051 30457102
823 3758562 30544064
824 3760099 30560760
825 3761507 30564297
826 3763808 30577827
827 3765102 30580271
828 3766587 30582487
829 3767968 30601337
830 3769267 30603662
831 3770580 30605975
832 3771961 30629340
833 3773201 30633600
834 3774857 30636014
835 3776447 30721645
836 3778127 30757084
837 3779398 30791784
838 3781196 30872466
839 3783088 30882434
840 3784671 30891903
841 3785881 30917695
842 3787380 30951194
843 3788755 30970726
844 3789979 30977574
845 3791689 30981600
846 3792829 30990860
847 3794317 31006099
848 3795625 31014117
849 3796832 31033075
850 3798450 31057663
851 3799739 31079003
852 3801183 31136773
853 3802712 31157291
854 3804174 31161577
855 3805508 31176271
856 3807076 31180745
857 3808502 31199819
858 3809948 31209023
859 3811303 31211299
860 3812692 31213519
861 3814017 31257506
862 3815267 31260513
863 3816600 31262797
864 3817877 31297547
865 3819122 31320987
866 3820533 31346681
867 3822079 31403528
868 3823483 31429972
869 3824672 31460292
870 3826179 31489328
871 3827516 31492580
872 3829329 31505973
873 3831218 31579137
874 3832721 31582505
875 3834182 31594253
876 3835404 31622185
877 3836802 31631748
878 3838179 31634142
879 3839463 31673109
880 3841122 31738571
881 3842603 31754165
882 3843857 31764608
883 3845126 31789394
884 3846224 31791716
885 3847617 31823602
886 3848774 31825966
887 3849960 31828151
888 3851183 31833627
889 3852402 31905496
890 3853907 31922688
891 3855285 31952513
892 3856576 31965134
893 3858133 31967397
894 3859514 32046188
895 3860783 32049061
896 3863246 32051479
897 3864652 32083160
898 3866024 32109827
899 3867161 32200978
900 3868649 32216319
901 3869840 32218835
902 3871249 32223239
903 3872860 32247852
904 3874155 32250367
905 3875530 32255122
906 3877075 32273573
907 3878328 32361972
908 3879677 32365622
909 3881812 32380474
910 3883229 32382919
911 3884576 32393593
912 3887759 32401026
913 3889155 32419853
914 3890401 32432482
915 3891674 32434666
916 3893002 32521524
917 3894324 32524584
918 3895534 32556347
919 3896671 32582542
920 3897904 32634038
921 3899048 32655994
922 3900880 32661094
923 3902148 32677660
924 3903287 32706728
925 3904548 32722113
926 3906312 32724477
927 3907594 32726797
928 3908906 32734345
929 3910322 32736647
930 3911621 32739735
931 3913078 32813536
932 3914269 32836536
933 3915819 32859486
934 3917294 32878457
935 3918649 32964505
936 3920092 32989652
937 3921511 33011349
938 3923130 33017823
939 3924454 33071096
940 3925717 33087827
941 3926930 33090551
942 3928153 33103014
943 3929298 33105225
944 3930534 33107714
945 3931882 33115327
946 3933182 33127184
947 3934482 33154668
948 3935681 33158824
949 3937051 33245088
950 3938655 33257549
951 3940190 33287008
952 3941387 33289804
953 3942684 33303896
954 3943900 33321062
955 3945833 33400916
956 3946990 33436031
957 3948635 33441380
958 3950072 33462768
959 3951340 33482999
960 3952581 33560027
961 3953905 33580128
962 3955386 33598434
963 3956790 33600894
964 3958064 33628143
965 3959277 33630470
966 3960625 33682642
967 3961839 33716424
968 3963199 33731329
969 3964500 33764411
970 3965839 33840694
971 3967303 33873656
972 3968581 33896499
973 3970372 33917431
974 3971861 33995077
975 3973174 34002263
976 3974514 34004917
977 3976167 34010574
978 3977512 34012651
979 3978732 34014811
980 3980153 34019608
981 3981446 34031829
982 3982979 34044552
983 3984451 34058742
984 3986306 34091441
985 3988208 34166752
986 3989693 34192331
987 3991197 34216006
988 3992621 34233225
989 3994025 34235607
990 3995362 34237905
991 3996877 34301616
992 3998327 34319755
993 3999784 34341396
994 4001223 34377128
995 4002665 34447067
996 4004492 34465213
997 4006046 34495443
998 4007257 34529609
999 4008638 34532258
1000 4009913 34610894
1001 4011248 34645049
1002 4012431 34648417
1003 4014310 34652769
1004 4015677 34656255
1005 4017043 34688621
1006 4018278 34773600
1007 4019478 34776855
1008 4020645 34778875
1009 4021923 34781006
1010 4023301 34810389
1011 4024769 34845891
1012 4026044 34848310
1013 4027432 34892598
1014 4028720 34895899
1015 4029976 34917080
1016 4031031 34947984
1017 4032311 34958241
1018 4033515 34960463
1019 4035148 34986195
1020 4036499 34988826
1021 4037750 35061166
1022 4039081 35065046
1023 4040344 35097597
1024 4041759 35100327
1025 4043029 35120382
1026 4044307 35129164
1027 4045413 35131263
1028 4046507 35133341
1029 4048025 35222988
1030 4049424 35230881
1031 4051049 35257673
1032 4052500 35274319
1033 4053682 35289481
1034 4054876 35338476
1035 4056043 35362089
1036 4057942 35365469
1037 4059716 35396148
1038 4060978 35413840
1039 4062138 35496703
1040 4063516 35512723
1041 4064823 35522768
1042 4066243 35548017
1043 4067489 35567565
1044 4069072 35624702
1045 4070485 35653607
1046 4071624 35671825
1047 4073669 35679393
1048 4075493 35687921
1049 4076803 35690256
1050 4078230 35714098
1051 4079440 35716765
1052 4080664 35719026
1053 4082082 35800558
1054 4083402 35803591
1055 4084627 35805926
1056 4085994 35819732
1057 4087278 35821952
1058 4088746 35855811
1059 4090855 35882641
1060 4092006 35929373
1061 4093298 35949612
1062 4094731 35961641
1063 4095829 35963923
1064 4097055 35969774
1065 4098558 35977892
1066 4099735 36009725
1067 4101492 36027719
1068 4102743 36030054
1069 4104102 36097398
1070 4105254 36108066
1071 4106361 36137016
1072 4107678 36166690
1073 4108859 36169186
1074 4110279 36246400
1075 4111666 36269504
1076 4112723 36271942
1077 4114273 36277217
1078 4115516 36307832
1079 4116483 36310171
1080 4117482 36464968
1081 4119123 36479100
1082 4120382 36481821
1083 4121887 36488357
1084 4123012 36490607
1085 4124421 36504850
1086 4125762 36507087
1087 4126947 36539176
1088 4128404 36604067
1089 4129552 36612384
1090 4130979 36627771
1091 4132349 36647331
1092 4133480 36656813
1093 4134596 36674643
1094 4135766 36676758
1095 4137213 36695708
1096 4138510 36775874
1097 4139935 36788878
1098 4141281 36809188
1099 4142785 36833037
1100 4144056 36913038
1101 4145616 36932775
1102 4146874 36958904
1103 4148481 36973957
1104 4149782 36977870
1105 4150865 36982661
1106 4152711 37000183
1107 4154008 37057575
1108 4155416 37068499
1109 4156687 37070920
1110 4157928 37090278
1111 4158968 37093256
1112 4160145 37095384
1113 4161333 37106723
1114 4162631 37117160
1115 4163657 37124602
1116 4164977 37151636
1117 4166388 37240897
1118 4167579 37256232
1119 4168899 37288097
1120 4170235 37291416
1121 4171515 37307813
1122 4172728 37310205
1123 4173925 37327433
1124 4175351 37332786
1125 4176471 37378367
1126 4177552 37381126
1127 4178810 37383292
1128 4180137 37409139
1129 4181295 37411851
1130 4182419 37426169
1131 4183681 37431509
1132 4184934 37433650
1133 4186250 37462161
1134 4187410 37549279
1135 4188952 37574894
1136 4190871 37580550
1137 4192056 37582674
1138 4193541 37613144
1139 4194612 37703624
1140 4198054 37734006
1141 4199786 37750934
1142 4201766 37753568
1143 4203183 37782617
1144 4205076 37805791
1145 4207042 37836618
1146 4208673 37839757
1147 4210367 37866039
1148 4211869 37895214
1149 4213548 37897856
1150 4215017 37976816
1151 4216680 37998376
1152 4218249 38014006
1153 4219770 38016615
1154 4221256 38019086
1155 4222662 38022983
1156 4224186 38025224
1157 4225676 38057325
1158 4227261 38062950
1159 4228750 38146517
1160 4230368 38170508
1161 4232127 38175915
1162 4233522 38207140
1163 4234993 38228281
1164 4236892 38305945
1165 4238614 38315874
1166 4240497 38322021
1167 4241779 38352545
1168 4243333 38380178
1169 4244838 38464844
1170 4246362 38482976
1171 4248201 38509512
1172 4250147 38513301
1173 4251813 38525969
1174 4254151 38585498
1175 4255917 38593967
1176 4258318 38596349
1177 4260732 38598589
1178 4262970 38627689
1179 4265433 38633522
1180 4267904 38645656
1181 4270096 38649500
1182 4272292 38651643
1183 4274600 38671378
1184 4276982 38673818
1185 4278854 38688144
1186 4281097 38761582
1187 4282899 38783990
1188 4285034 38796281
1189 4286504 38807043
1190 4287842 38816369
1191 4289049 38839104
1192 4290573 38846934
1193 4292017 38924488
1194 4293390 38942809
1195 4294930 38968531
1196 4296304 38977581
1197 4297846 38979879
1198 4299514 39002920
1199 4301098 39005547
1200 4302550 39094803
1201 4303850 39117205
1202 4305287 39134701
1203 4306945 39143424
1204 4308469 39164330
1205 4309805 39250567
1206 4311129 39286098
1207 4312611 39325379
1208 4313985 39339368
1209 4315142 39375164
1210 4316490 39404280
1211 4317859 39431208
1212 4319136 39449682
1213 4320338 39465128
1214 4321676 39471774
1215 4323313 39477589
1216 4324634 39483471
1217 4326306 39487023
1218 4328447 39490118
1219 4329721 39493783
1220 4331246 39501001
1221 4332886 39504524
1222 4334492 39509135
1223 4336240 39512705
1224 4337699 39519123
1225 4339055 39526001
1226 4340231 39530907
1227 4341532 39533220
1228 4342852 39539866
1229 4344025 39544050
1230 4345231 39546120
1231 4346399 39548076
1232 4347709 39554067
1233 4348938 39556026
1234 4349943 39559980
1235 4351288 39565791
1236 4352710 39569607
1237 4354242 39573742
1238 4355479 39575653
1239 4356786 39582240
1240 4357893 39586491
1241 4359440 39593165
1242 4360614 39599364
1243 4361909 39604932
1244 4363199 39612528
1245 4364479 39617877
1246 4365624 39625506
1247 4367006 39630559
1248 4368316 39633859
1249 4369823 39635841
1250 4371407 39641408
1251 4372928 39644548
1252 4374230 39649070
1253 4375435 39652625
1254 4376764 39656751
1255 4377872 39658885
1256 4379243 39663337
1257 4380407 39665339
1258 4381503 39669959
1259 4382797 39672146
1260 4384395 39676556
1261 4386118 39680909
1262 4387430 39686740
1263 4388575 39688764
1264 4389689 39694232
1265 4390944 39696313
1266 4392386 39703303
1267 4393466 39706276
1268 4394707 39713714
1269 4395856 39715724
1270 4396993 39720838
1271 4398282 39724543
1272 4399543 39728623
1273 4400676 39732319
1274 4402240 39736355
1275 4403619 39742101
1276 4404779 39748724
1277 4406011 39752499
1278 4407129 39758675
1279 4408309 39764786
1280 4410208 39768974
1281 4411682 39775069
1282 4412965 39781508
1283 4414398 39787889
1284 4415572 39791255
1285 4416930 39795359
1286 4418421 39801655
1287 4419888 39807673
1288 4421347 39813316
1289 4422923 39815765
1290 4424859 39820856
1291 4426510 39822911
1292 4430714 39825292
1293 4432337 39827388
1294 4433760 39834560
1295 4435010 39836557
1296 4436206 39840878
1297 4437600 39846310
1298 4439277 39850677
1299 4440727 39854850
1300 4442026 39859680
1301 4443174 39863138
1302 4444575 39866300
1303 4445905 39873135
1304 4447644 39877730
1305 4449149 39879876
1306 4450852 39886967
1307 4452424 39891767
1308 4453792 39894377
1309 4455112 39899122
1310 4456752 39902257
1311 4458410 39906861
1312 4459882 39912375
1313 4461512 39918484
1314 4463465 39924905
1315 4465365 39932568
1316 4466923 39936000
1317 4468451 39939201
1318 4470036 39943396
1319 4471589 39950205
1320 4472956 39959453
1321 4474288 39964189
1322 4475791 39966434
1323 4477176 39972271
1324 4478641 39977296
1325 4480242 39980592
1326 4481746 39986779
1327 4483118 39994361
1328 4484448 39999430
1329 4485781 40003798
1330 4487570 40007433
1331 4489013 40012411
1332 4490689 40014867
1333 4492233 40020315
1334 4493579 40030823
1335 4494931 40037969
1336 4496364 40040149
1337 4497937 40045353
1338 4499524 40049268
1339 4500926 40054998
1340 4502448 40057535
1341 4503920 40060925
1342 4505546 40063946
1343 4507055 40066049
1344 4508382 40072805
1345 4509704 40077043
1346 4511065 40081380
1347 4512282 40087992
1348 4513627 40092575
1349 4514941 40096096
1350 4516141 40102375
1351 4517432 40104463
1352 4519017 40111328
1353 4520458 40116806
1354 4521855 40122183
1355 4523358 40128111
1356 4524698 40130156
1357 4526290 40132390
1358 4527803 40137094
1359 4529415 40143223
1360 4531015 40148013
1361 4532426 40154343
1362 4533957 40160561
1363 4535556 40167029
1364 4537081 40171227
1365 4538571 40173426
1366 4539942 40179185
1367 4541697 40183592
1368 4543175 40188558
1369 4545068 40192253
1370 4546467 40198724
1371 4548259 40205030
1372 4549867 40210978
1373 4551778 40215055
1374 4553199 40222925
1375 4554680 40229702
1376 4555932 40233780
1377 4556983 40236377
1378 4558341 40243414
1379 4559460 40249721
1380 4560706 40255639
1381 4562658 40257952
1382 4563939 40259968
1383 4565184 40266624
1384 4566587 40272467
1385 4567987 40274750
1386 4569500 40290996
1387 4570991 40293311
1388 4572510 40297784
1389 4573832 40304779
1390 4575307 40309012
1391 4576504 40310959
1392 4577826 40315636
1393 4579046 40317559
1394 4580371 40321576
1395 4581948 40326666
1396 4583350 40332903
1397 4584611 40335129
1398 4585921 40339097
1399 4587458 40341122
1400 4589096 40348556
1401 4590415 40350928
1402 4591942 40357320
1403 4593256 40359436
1404 4594659 40365355
1405 4596133 40369229
1406 4597286 40373805
1407 4598818 40377843
1408 4600215 40381333
1409 4601603 40385819
1410 4602747 40392273
1411 4603917 40394964
1412 4605198 40399278
1413 4606378 40405338
1414 4607911 40409251
1415 4609210 40414664
1416 4610450 40420526
1417 4611766 40423006
1418 4613133 40426344
1419 4614359 40430765
1420 4615541 40435401
1421 4616802 40437440
1422 4618160 40442616
1423 4619334 40448857
1424 4620598 40451053
1425 4621847 40462357
1426 4623169 40466046
1427 4624485 40468157
1428 4625697 40476457
1429 4626825 40482519
1430 4628058 40489220
1431 4629809 40496701
1432 4631152 40500093
1433 4632803 40502867
1434 4634176 40509634
1435 4635501 40515700
1436 4636699 40517998
1437 4638134 40522506
1438 4639544 40525840
1439 4640847 40531333
1440 4642116 40536925
1441 4643319 40540025
1442 4644516 40546161
1443 4645989 40552019
1444 4647297 40557954
1445 4648757 40564491
1446 4650036 40567798
1447 4651338 40573350
1448 4652621 40575517
1449 4653819 40581271
1450 4655227 40585244
1451 4656502 40587486
1452 4658100 40597980
1453 4659643 40599924
1454 4661570 40604062
1455 4662927 40607334
1456 4664201 40609311
1457 4665484 40615720
1458 4666828 40618762
1459 4667913 40622611
1460 4669081 40624647
1461 4670375 40628204
1462 4671736 40632989
1463 4672955 40638426
1464 4674281 40642628
1465 4675781 40646711
1466 4676917 40650734
1467 4678192 40654888
1468 4679714 40659324
1469 4681655 40662610
1470 4683291 40667411
1471 4684479 40670552
1472 4685671 40675152
1473 4687232 40678481
1474 4688513 40683336
1475 4689717 40685316
1476 4690910 40691235
1477 4692062 40695601
1478 4693332 40700456
1479 4694390 40703075
1480 4695856 40709373
1481 4697131 40713713
1482 4698732 40716917
1483 4699999 40721924
1484 4701822 40726116
1485 4702902 40727905
1486 4704491 40741031
1487 4706118 40746938
1488 4707519 40752166
1489 4709500 40754415
1490 4711043 40759533
1491 4712581 40764402
1492 4714193 40769092
1493 4715561 40775227
1494 4716992 40779024
1495 4718555 40782796
1496 4720715 40787669
1497 4722639 40794863
1498 4724975 40799734
1499 4726613 40803955
1500 4727938 40810209
1501 4729385 40814583
1502 4730684 40817590
1503 4731989 40821012
1504 4733395 40824805
1505 4734742 40826840
1506 4736165 40831917
1507 4737479 40837916
1508 4738661 40842209
1509 4739861 40844125
1510 4741306 40848910
1511 4742687 40854263
1512 4744072 40858951
1513 4745300 40864307
1514 4746588 40868946
1515 4747712 40870794
1516 4749025 40875190
1517 4750320 40878438
1518 4751768 40882382
1519 4752781 40884505
1520 4754056 40889165
1521 4755135 40890995
1522 4756445 40894799
1523 4757502 40899921
1524 4758754 40903216
1525 4760027 40908540
1526 4761281 40912200
1527 4771712 40915509
1528 4773027 40921804
1529 4774241 40927729
1530 4776366 40932079
1531 4777869 40938409
1532 4779582 40942477
1533 4781161 40945863
1534 4783228 40950944
1535 4784909 40955450
1536 4787172 40957314
1537 4788926 40963620
1538 4790013 40970988
1539 4791569 40975635
1540 4792789 40977572
1541 4793943 40980606
1542 4795470 40985096
1543 4796776 40989275
1544 4798005 40992869
1545 4808268 40994751
1546 4809655 40997091
1547 4811333 41002247
1548 4812978 41007394
1549 4814429 41012202
1550 4815765 41017720
1551 4816909 41024037
1552 4818529 41029094
1553 4819841 41034066
1554 4821168 41036080
1555 4822530 41041512
1556 4823715 41043495
1557 4824886 41045300
1558 4826130 41051392
1559 4827690 41055924
1560 4828899 41058788
1561 4830597 41065147
1562 4832140 41068865
1563 4833425 41073937
1564 4834485 41076935
1565 4835706 41081390
1566 4837178 41083654
1567 4838393 41091592
1568 4839717 41096268
1569 4840832 41100969
1570 4841880 41105184
1571 4842859 41106939
1572 4843944 41108940
1573 4845257 41113856
1574 4846398 41154478
1575 4847938 41159710
1576 4849201 41161687
1577 4850418 41163468
1578 4851784 41165586
1579 4853100 41171400
1580 4854277 41175790
1581 4855829 41179395
1582 4857350 41183093
1583 4858556 41188110
1584 4860178 41191678
1585 4861669 41194703
1586 4863141 41199183
1587 4864569 41203613
1588 4865758 41210653
1589 4867381 41215278
1590 4868831 41221305
1591 4870040 41226823
1592 4871561 41228878
1593 4872938 41232165
1594 4874317 41235283
1595 4875642 41237269
1596 4876887 41244846
1597 4878195 41250369
1598 4879589 41253747
1599 4881077 41258439
1600 4882678 41263868
1601 4884433 41267496
1602 4885689 41273865
1603 4886858 41279877
1604 4887888 41286743
1605 4889292 41293894
1606 4890929 41299903
1607 4892460 41303730
1608 4893837 41308580
1609 4895375 41310720
1610 4896836 41315635
1611 4898479 41319212
1612 4899832 41321231
1613 4901119 41323627
1614 4903184 41327550
1615 4904600 41332979
1616 4906294 41336454
1617 4907809 41342748
1618 4908956 41344658
1619 4910067 41346388
1620 4911651 41352445
1621 4912893 41354335
1622 4913963 41356186
1623 4915169 41360437
1624 4916189 41362643
1625 4917588 41368326
1626 4918910 41371154
1627 4919986 41376934
1628 4921092 41382449
1629 4922172 41386802
1630 4923226 41388495
1631 4924422 41394821
1632 4925454 41400863
1633 4926839 41403086
1634 4928282 41405180
1635 4929575 41407113
1636 4930868 41411608
1637 4932385 41417328
1638 4933716 41420465
1639 4934884 41426474
1640 4936818 41430272
1641 4938314 41432307
1642 4939782 41437507
1643 4941163 41439465
1644 4942753 41441471
1645 4944109 41447181
1646 4945130 41449002
1647 4946074 41456622
1648 4947580 41460095
1649 4948999 41465667
1650 4950535 41470425
1651 4951963 41475623
1652 4953758 41481901
1653 4955275 41486828
1654 4956650 41491678
1655 4958548 41496088
1656 4959833 41502262
1657 4961176 41505879
1658 4962368 41508853
1659 4963409 41514995
1660 4964687 41517063
1661 4966083 41523220
1662 4967118 41525068
1663 4968216 41526891
1664 4969878 41532540
1665 4970861 41534317
1666 4971849 41544266
1667 4973197 41547460
1668 4974518 41553412
1669 4975872 41556973
1670 4977276 41562467
1671 4978524 41567751
1672 4979744 41571730
1673 4980809 41575726
1674 4981963 41582485
1675 4983286 41586895
1676 4984680 41591769
1677 4986035 41596365
1678 4987402 41602460
1679 4988634 41607567
1680 4989784 41609391
1681 4990851 41611619
1682 4992052 41613759
1683 4993371 41618485
1684 4994465 41620703
1685 4995569 41625030
1686 4996893 41629596
1687 4997994 41635949
1688 4999204 41638770
1689 5000616 41642795
1690 5001772 41647188
1691 5002881 41649068
1692 5004104 41651092
1693 5005830 41654329
1694 5007041 41660440
1695 5007944 41668075
1696 5009044 41674678
1697 5010235 41678892
1698 5011454 41681350
1699 5013003 41685346
1700 5014262 41688517
1701 5015473 41694463
1702 5016626 41698903
1703 5017893 41704128
1704 5019049 41705901
1705 5020338 41707621
1706 5021432 41709310
1707 5022667 41715393
1708 5024011 41718888
1709 5025379 41722110
1710 5026738 41726359
1711 5027842 41729719
1712 5029133 41736218
1713 5030636 41742894
1714 5032159 41748267
1715 5033498 41754228
1716 5034661 41756144
1717 5036056 41761543
1718 5037398 41766042
1719 5038634 41771338
1720 5039682 41777618
1721 5040734 41779460
1722 5042117 41784959
1723 5043710 41789274
1724 5045153 41793317
1725 5046177 41795071
1726 5047370 41800391
1727 5048409 41804754
1728 5049312 41807278
1729 5050312 41809241
1730 5052198 41811185
1731 5053825 41815234
1732 5055315 41817224
1733 5056505 41823222
1734 5057771 41828043
1735 5059339 41833361
1736 5060893 41839118
1737 5062319 41845091
1738 5063414 41847018
1739 5064468 41856194
1740 5066055 41860827
1741 5067356 41864429
1742 5068436 41868944
1743 5069241 41870475
1744 5070561 41872443
1745 5072003 41878448
1746 5073240 41884327
1747 5074202 41887236
1748 5075468 41891072
1749 5076887 41896581
1750 5078348 41900197
1751 5079553 41902047
1752 5081077 41905268
1753 5082148 41911424
1754 5083386 41914713
1755 5084829 41918011
1756 5086223 41922889
1757 5087613 41925876
1758 5088816 41931665
1759 5089814 41933491
1760 5091196 41938121
1761 5092164 41939831
1762 5093187 41945522
1763 5094537 41948942
1764 5095790 41950841
1765 5097091 41955347
1766 5098489 41957474
1767 5099740 41963525
1768 5101302 41966647
1769 5102899 41969942
1770 5104306 41972891
1771 5105592 41976740
1772 5106937 41981603
1773 5108239 41987316
1774 5109526 41991795
1775 5110827 41993751
1776 5112087 41999719
1777 5113224 42005692
1778 5114844 42010209
1779 5116203 42014694
1780 5117792 42018482
1781 5119123 42022885
1782 5120483 42026353
1783 5121936 42029527
1784 5123086 42035540
1785 5124286 42039855
1786 5125668 42043163
1787 5127171 42047812
1788 5128336 42051592
1789 5129425 42057166
1790 5130583 42061423
1791 5131692 42063175
1792 5133560 42068871
1793 5134919 42074755
1794 5136477 42080613
1795 5137918 42086148
1796 5139285 42091530
1797 5140675 42095144
1798 5142184 42100334
1799 5143606 42104528
1800 5145370 42109513
1801 5146705 42113873
1802 5147947 42118772
1803 5149259 42124274
1804 5150536 42127502
1805 5151786 42133878
1806 5152863 42135703
1807 5154036 42139829
1808 5155092 42151097
1809 5156497 42152920
1810 5158022 42157712
1811 5159432 42161854
1812 5160949 42167287
1813 5162347 42172257
1814 5163471 42175277
1815 5164748 42179685
1816 5166164 42183540
1817 5167911 42186601
1818 5169426 42192976
1819 5171639 42198945
1820 5173012 42204384
1821 5174357 42206462
1822 5175898 42210295
1823 5177007 42212084
1824 5178344 42214055
1825 5179801 42220115
1826 5181380 42224330
1827 5182739 42227772
1828 5184021 42233546
1829 5185279 42238404
1830 5186388 42240560
1831 5187582 42242820
1832 5188839 42246749
1833 5189911 42248654
1834 5191430 42251591
1835 5192693 42255517
1836 5193994 42257313
1837 5195093 42263196
1838 5196269 42267003
1839 5197318 42270033
1840 5198865 42274722
1841 5200328 42278294
1842 5201396 42280426
1843 5202637 42282277
1844 5204022 42286445
1845 5205609 42289400
1846 5206725 42294010
1847 5208173 42297058
1848 5209522 42301738
1849 5210595 42305047
1850 5211486 42309595
1851 5213172 42312871
1852 5214634 42317622
1853 5215942 42323427
1854 5217015 42327282
1855 5218281 42333128
1856 5219801 42337785
1857 5221272 42343038
1858 5222613 42347882
1859 5223852 42353032
1860 5225158 42356691
1861 5226559 42358639
1862 5228170 42361418
1863 5229363 42367142
1864 5230467 42369012
1865 5231724 42373918
1866 5233005 42379823
1867 5234421 42384917
1868 5235448 42387115
1869 5237139 42390115
1870 5238555 42391834
1871 5240113 42397236
1872 5241324 42401290
1873 5242458 42403220
1874 5243710 42407221
1875 5244802 42412368
1876 5246117 42415424
1877 5247242 42417254
1878 5248295 42418941
1879 5249515 42423654
1880 5250928 42429796
1881 5252069 42431832
1882 5253289 42438491
1883 5254513 42442179
1884 5255540 42446536
1885 5256633 42452459
1886 5257489 42457894
1887 5258823 42461476
1888 5259946 42463997
1889 5261270 42466708
1890 5262609 42469504
1891 5263913 42475355
1892 5265126 42478833
1893 5266549 42482131
1894 5267688 42485070
1895 5268872 42491019
1896 5270088 42492989
1897 5271387 42496328
1898 5272654 42498273
1899 5273885 42503692
1900 5275297 42508490
1901 5276758 42511688
1902 5278024 42517394
1903 5279330 42519359
1904 5280638 42522907
1905 5282120 42524840
1906 5283627 42527935
1907 5284747 42530029
1908 5286161 42533162
1909 5287358 42536379
1910 5288597 42540843
1911 5289619 42542507
1912 5290663 42545032
1913 5291856 42546896
1914 5293113 42550255
1915 5294433 42552160
1916 5295698 42558040
1917 5297070 42562613
1918 5298462 42565464
1919 5299754 42569993
1920 5300977 42574936
1921 5301997 42577329
1922 5303082 42579041
1923 5304520 42582618
1924 5305716 42586562
1925 5307468 42592241
1926 5308729 42596166
1927 5309945 42601878
1928 5311122 42603805
1929 5312233 42605546
1930 5313294 42612096
1931 5314417 42617018
1932 5315682 42623357
1933 5317021 42628653
1934 5318209 42631501
1935 5319286 42635030
1936 5320868 42640198
1937 5321879 42645577
1938 5322904 42648864
1939 5324168 42652708
1940 5325528 42656273
1941 5326727 42659587
1942 5328235 42664155
1943 5329307 42670049
1944 5330506 42673190
1945 5331580 42678361
1946 5332522 42680749
1947 5334060 42686620
1948 5335600 42689968
1949 5336403 42691420
1950 5337459 42693299
1951 5338641 42697719
1952 5339937 42700758
1953 5341153 42705810
1954 5342402 42708961
1955 5343497 42713878
1956 5344790 42716971
1957 5346141 42721058
1958 5347210 42724315
1959 5348429 42729013
1960 5349410 42730557
1961 5350830 42734103
1962 5352083 42738269
1963 5353515 42742189
1964 5354847 42745347
1965 5355999 42746981
1966 5357302 42752937
1967 5358585 42754883
1968 5359794 42756647
1969 5361003 42758433
1970 5362135 42764433
1971 5363361 42768082
1972 5364640 42770829
1973 5365766 42774575
1974 5366920 42776465
1975 5368234 42780357
1976 5369360 42782012
1977 5370616 42787001
1978 5372146 42790474
1979 5373331 42795571
1980 5374756 42801345
1981 5375929 42806890
1982 5377049 42813612
1983 5378487 42816471
1984 5379608 42818112
1985 5380812 42819847
1986 5382136 42824798
1987 5383251 42829642
1988 5384286 42832889
1989 5385495 42835767
1990 5386567 42841618
1991 5387728 42845531
1992 5388980 42850395
1993 5390166 42853316
1994 5391708 42856949
1995 5393260 42861308
1996 5394541 42864302
1997 5395677 42872104
1998 5396621 42873756
1999 5398068 42878268
2000 5399358 42900310
2001 5400777 42905114
2002 5402021 42906998
2003 5403194 42911872
2004 5404568 42930385
2005 5405905 42934644
2006 5407111 42936722
2007 5408242 42939461
2008 5409709 42943932
2009 5410846 42955718
2010 5411927 42957760
2011 5413042 42961261
2012 5414159 42967208
2013 5415267 42971378
2014 5416751 42976427
2015 5418122 42978273
2016 5419567 42983136
2017 5420903 42987414
2018 5422031 42993089
2019 5423239 42994954
2020 5424684 42998979
2021 5426082 43001969
2022 5427220 43006029
2023 5428474 43009574
2024 5429514 43014765
2025 5430657 43019095
2026 5431713 43022378
2027 5432833 43027763
2028 5433792 43032505
2029 5434815 43034369
2030 5436145 43038854
2031 5437425 43044430
2032 5438509 43049114
2033 5439818 43051974
2034 5441113 43053976
2035 5442353 43059429
2036 5443939 43064170
2037 5445058 43065783
2038 5446192 43067562
2039 5447397 43070967
2040 5448462 43077525
2041 5449663 43082265
2042 5451019 43085778
2043 5452326 43088828
2044 5453622 43092219
2045 5454673 43094147
2046 5455961 43098009
2047 5456999 43099649
2048 5458489 43105334
2049 5459513 43109792
2050 5460478 43111512
2051 5461666 43113349
2052 5463061 43118187
2053 5464499 43121514
2054 5465862 43124746
2055 5467427 43130027
2056 5468616 43131927
2057 5469755 43136847
2058 5470849 43142060
2059 5472087 43145942
2060 5473172 43147638
2061 5474402 43153534
2062 5475416 43155293
2063 5476392 43156925
2064 5477463 43160673
2065 5478640 43163881
2066 5479633 43168813
2067 5480611 43172024
2068 5481450 43173537
2069 5482820 43178632
2070 5483933 43183115
2071 5485259 43187623
2072 5486575 43189401
2073 5487842 43194201
2074 5488908 43200193
2075 5490654 43204813
2076 5491908 43206670
2077 5493095 43209309
2078 5494324 43212545
2079 5495480 43217107
2080 5496661 43222416
2081 5497756 43224260
2082 5498843 43226189
2083 5500215 43233283
2084 5501350 43238965
2085 5502536 43242662
2086 5503785 43246093
2087 5504862 43251077
2088 5506148 43253578
2089 5507389 43258455
2090 5508527 43261838
2091 5510020 43265200
2092 5511735 43269159
2093 5512864 43272236
2094 5513945 43275407
2095 5514912 43276968
2096 5515917 43282170
2097 5517119 43286638
2098 5518077 43288676
2099 5519115 43291514
2100 5520083 43294113
2101 5521263 43298762
2102 5522566 43302753
2103 5523649 43305643
2104 5524496 43307135
2105 5525750 43309176
2106 5526910 43311217
2107 5528350 43315957
2108 5529599 43319995
2109 5530820 43324388
2110 5531895 43329953
2111 5533004 43333872
2112 5534175 43337472
2113 5535298 43340727
2114 5536597 43346779
2115 5538053 43349898
2116 5539220 43354452
2117 5540280 43357378
2118 5541317 43359085
2119 5542611 43362980
2120 5543853 43365569
2121 5544834 43369005
2122 5545943 43370787
2123 5547048 43376232
2124 5548244 43380111
2125 5549267 43384467
2126 5550525 43388614
2127 5551553 43391432
2128 5552771 43397099
2129 5553792 43403354
2130 5555508 43408022
2131 5556728 43409788
2132 5557918 43414744
2133 5559023 43417531
2134 5560031 43419488
2135 5561007 43423865
2136 5562042 43428906
2137 5563141 43432072
2138 5564190 43436806
2139 5565405 43438557
2140 5566449 43441916
2141 5567410 43447295
2142 5568508 43451934
2143 5569522 43456621
2144 5570635 43459666
2145 5571598 43598263
2146 5572821 43604491
2147 5574586 43610280
2148 5576016 43612432
2149 5577323 43614378
2150 5578574 43617921
2151 5579596 43621252
2152 5580805 43626608
2153 5581794 43630255
2154 5582716 43631824
2155 5584154 43635297
2156 5585406 43640539
2157 5586572 43644224
2158 5587651 43645946
2159 5588696 43650862
2160 5589652 43656396
2161 5590826 43659249
2162 5591829 43662901
2163 5593077 43665584
2164 5594074 43667306
2165 5595171 43670362
2166 5596534 43675387
2167 5597565 43678494
2168 5598514 43682430
2169 5599875 43687142
2170 5600976 43690187
2171 5602635 43692895
2172 5603608 43696406
2173 5604639 43699403
2174 5605831 43704138
2175 5606977 43706922
2176 5607984 43710740
2177 5608963 43712266
2178 5610202 43716842
2179 5611209 43719616
2180 5612108 43728042
2181 5613270 43729874
2182 5614392 43735266
2183 5615370 43736918
2184 5616253 43738390
2185 5617853 43741135
2186 5619169 43746345
2187 5621017 43751563
2188 5622456 43753545
2189 5623837 43758426
2190 5625418 43762373
2191 5626566 43768136
2192 5628234 43771168
2193 5630064 43775511
2194 5631562 43778367
2195 5633038 43783796
2196 5634446 43785751
2197 5635723 43791037
2198 5637065 43792925
2199 5638366 43795238
2200 5640050 43797344
2201 5641831 43803548
2202 5643264 43807465
2203 5645062 43810474
2204 5646658 43813266
2205 5648107 43816730
2206 5649468 43821583
2207 5650885 43826818
2208 5652262 43830130
2209 5653291 43832688
2210 5654681 43836516
2211 5656208 43840267
2212 5657801 43844377
2213 5659104 43847694
2214 5660720 43852310
2215 5662223 43856442
2216 5663643 43859399
2217 5664885 43863448
2218 5666654 43868134
2219 5668057 43873002
2220 5669718 43875306
2221 5671256 43880524
2222 5672470 43885614
2223 5673877 43888522
2224 5675236 43892777
2225 5676508 43896421
2226 5678018 43900597
2227 5679678 43905305
2228 5681212 43910435
2229 5682388 43916469
2230 5683641 43919133
2231 5685032 43923677
2232 5686299 43927342
2233 5687501 43930172
2234 5688687 43933365
2235 5689848 43934965
2236 5691284 43938542
2237 5692805 43942074
2238 5693686 43945120
2239 5695075 43947807
2240 5696546 43951302
2241 5697792 43954428
2242 5699806 43958446
2243 5702178 43962156
2244 5703433 43966099
2245 5704909 43969626
2246 5706289 43971642
2247 5707668 43977347
2248 5708833 43980196
2249 5710334 43983796
2250 5712247 43986852
2251 5714181 43992012
2252 5715625 43995458
2253 5717106 43999273
2254 5718801 44002058
2255 5720365 44004311
2256 5722125 44007395
2257 5723257 44009128
2258 5724351 44013841
2259 5725866 44016871
2260 5726816 44020531
2261 5727735 44022103
2262 5728555 44024216
2263 5729766 44028554
2264 5731069 44031809
2265 5732283 44034876
2266 5733085 44036615
2267 5734035 44041052
2268 5734787 44101168
2269 5736166 44105408
2270 5737194 44107109
2271 5738452 44109082
2272 5739713 44115238
2273 5741129 44117301
2274 5742483 44120230
2275 5743616 44124394
2276 5745369 44128252
2277 5746796 44132733
2278 5747791 44136292
2279 5749229 44141615
2280 5750866 44144881
2281 5752151 44147961
2282 5753052 44149675
2283 5754024 44154666
2284 5755190 44156360
2285 5756565 44160265
2286 5757697 44163030
2287 5758754 44164804
2288 5760003 44168027
2289 5761741 44171676
2290 5762945 44175570
2291 5764195 44177407
2292 5765455 44181660
2293 5766538 44186697
2294 5767684 44190428
2295 5768970 44193145
2296 5769965 44195409
2297 5771003 44198680
2298 5772497 44202066
2299 5774366 44203946
2300 5775679 44207984
2301 5776947 44212636
2302 5778154 44214444
2303 5779508 44218426
2304 5781030 44223747
2305 5782207 44226257
2306 5783426 44228835
2307 5784479 44233592
2308 5785776 44236910
2309 5787044 44238747
2310 5788488 44244222
2311 5789643 44249752
2312 5790854 44251664
2313 5792015 44256973
2314 5793129 44260988
2315 5794139 44263418
2316 5795125 44265237
2317 5796556 44270632
2318 5797670 44274509
2319 5798722 44276325
2320 5799782 44278013
2321 5800983 44282190
2322 5802024 44287157
2323 5802941 44289317
2324 5804493 44292736
2325 5805298 44294233
2326 5806762 44297477
2327 5807927 44301656
2328 5808872 44303275
2329 5810177 44308246
2330 5811386 44311449
2331 5812297 44316806
2332 5813409 44320957
2333 5814596 44325514
2334 5815484 44327557
2335 5816447 44330974
2336 5817666 44335958
2337 5818587 44339592
2338 5819627 44341379
2339 5820804 44346218
2340 5821722 44350539
2341 5822576 44352122
2342 5823628 44353829
2343 5824800 44356508
2344 5826121 44361110
2345 5827702 44362916
2346 5829084 44366023
2347 5830662 44370958
2348 5832036 44374388
2349 5833555 44379531
2350 5835107 44384849
2351 5836188 44389786
2352 5837471 44392381
2353 5838471 44395636
2354 5839917 44398661
2355 5841301 44404149
2356 5842559 44407264
2357 5843701 44408987
2358 5844782 44410699
2359 5845811 44412326
2360 5846887 44413935
2361 5847959 44418895
2362 5848965 44422701
2363 5850181 44425376
2364 5851335 44428343
2365 5852470 44431809
2366 5853590 44436018
2367 5854569 44437829
2368 5855608 44441772
2369 5856675 44446549
2370 5857740 44448559
2371 5859081 44451456
2372 5860304 44453451
2373 5861595 44458475
2374 5862722 44460515
2375 5863826 44462291
2376 5864870 44467306
2377 5865873 44469050
2378 5866836 44470631
2379 5868030 44472349
2380 5869153 44474014
2381 5870362 44478834
2382 5871397 44483769
2383 5872427 44485750
2384 5873590 44488326
2385 5874585 44490021
2386 5875522 44494663
2387 5876644 44499929
2388 5877674 44502073
2389 5879018 44504964
2390 5880175 44508620
2391 5881758 44511838
2392 5882751 44513449
2393 5883549 44514891
2394 5884691 44516759
2395 5886100 44520134
2396 5887354 44523770
2397 5888440 44528841
2398 5889614 44531928
2399 5890677 44536999
2400 5891849 44538929
2401 5893194 44541852
2402 5894290 44546459
2403 5895327 44548219
2404 5896409 44552298
2405 5897491 44554205
2406 5898688 44558729
2407 5899780 44562598
2408 5900793 44567096
2409 5901760 44571733
2410 5903246 44575463
2411 5904376 44579721
2412 5905660 44583742
2413 5906728 44587544
2414 5907753 44589460
2415 5908766 44591073
2416 5909952 44593592
2417 5911119 44596759
2418 5912133 44598385
2419 5913407 44602103
2420 5914550 44605711
2421 5915772 44608840
2422 5916837 44613702
2423 5917758 44616023
2424 5918840 44617840
2425 5920054 44620356
2426 5921128 44622184
2427 5922356 44623817
2428 5923399 44625574
2429 5924581 44628420
2430 5925569 44633485
2431 5926790 44635398
2432 5927932 44639274
2433 5929062 44642354
2434 5930052 44643956
2435 5931059 44648717
2436 5932565 44652750
2437 5933643 44654444
2438 5934632 44657844
2439 5935604 44659546
2440 5936542 44662701
2441 5937532 44667110
2442 5938376 44672028
2443 5939324 44674466
2444 5940117 44678353
2445 5941458 44682885
2446 5942641 44684680
2447 5944089 44688937
2448 5945200 44691962
2449 5946372 44695149
2450 5947845 44698389
2451 5949030 44700108
2452 5950405 44703704
2453 5951618 44706272
2454 5952673 44709970
2455 5953925 44713176
2456 5955152 44716504
2457 5956322 44718297
2458 5957458 44719987
2459 5958524 44721678
2460 5959733 44725052
2461 5961008 44729611
2462 5962101 44733868
2463 5963199 44737403
2464 5964391 44740931
2465 5965493 44744348
2466 5966521 44747365
2467 5967701 44750083
2468 5968827 44751812
2469 5969896 44755017
2470 5970926 44756596
2471 5971940 44761694
2472 5973036 44763483
2473 5974104 44765186
2474 5975619 44768564
2475 5976848 44771710
2476 5977886 44777087
2477 5978933 44778707
2478 5980066 44780400
2479 5981132 44785208
2480 5982494 44788861
2481 5983518 44792542
2482 5985189 44795891
2483 5986470 44797638
2484 5987623 44799326
2485 5988683 44805768
2486 5989879 44808439
2487 5991127 44811176
2488 5992190 44813017
2489 5993591 44815821
2490 5994981 44819342
2491 5996192 44821072
2492 5997308 44825733
2493 5998471 44828144
2494 5999623 44831600
2495 6002371 44834579
2496 6003826 44838462
2497 6005343 44841423
2498 6006431 44846592
2499 6007755 44851472
2500 6008808 44856368
2501 6010152 44860390
2502 6011420 44863431
2503 6012750 44867327
2504 6013953 44868984
2505 6014982 44873857
2506 6016279 44877589
2507 6017283 44882340
2508 6018578 44886835
2509 6019641 44889264
2510 6020834 44893733
2511 6021841 44895431
2512 6022721 44897081
2513 6023752 44899459
2514 6024928 44902620
2515 6026108 44905029
2516 6027535 44910258
2517 6028615 44914067
2518 6029566 44918630
2519 6030655 44922402
2520 6031743 44925489
2521 6032827 44927900
2522 6033992 44931139
2523 6035122 44938059
2524 6036435 44942668
2525 6037502 44944353
2526 6038570 44945969
2527 6039548 44950731
2528 6041137 44953425
2529 6042313 44956126
2530 6043305 44958807
2531 6044279 44961167
2532 6045248 44962687
2533 6046134 44964525
2534 6047282 44967896
2535 6048411 44970467
2536 6049853 44974849
2537 6051194 44978825
2538 6052445 44981489
2539 6053669 44986448
2540 6054719 44989558
2541 6055872 44993954
2542 6057177 44998837
2543 6058315 45000781
2544 6059271 45005166
2545 6060455 45009025
2546 6061829 45012969
2547 6062879 45018408
2548 6064179 45021677
2549 6065487 45023521
2550 6066685 45026235
2551 6067743 45027884
2552 6068915 45031864
2553 6071053 45036054
2554 6072754 45039850
2555 6074565 45043345
2556 6076031 45046121
2557 6077346 45049409
2558 6079274 45051544
2559 6081495 45054662
2560 6083461 45058544
2561 6084962 45060325
2562 6086085 45061911
2563 6087633 45065715
2564 6089101 45068886
2565 6090211 45089432
2566 6093493 45094894
2567 6096353 45096552
2568 6099417 45101421
2569 6100598 45104175
2570 6101611 45106663
2571 6103187 45110300
2572 6104108 45113552
2573 6105460 45116344
2574 6106382 45117811
2575 6107417 45119455
2576 6108413 45123724
2577 6109962 45126653
2578 6111351 45129452
2579 6112674 45133387
2580 6113981 45137417
2581 6115078 45141191
2582 6116701 45145227
2583 6117867 45148649
2584 6118878 45153281
2585 6120020 45154955
2586 6120921 45157905
2587 6122320 45162222
2588 6123458 45166384
2589 6124667 45170400
2590 6125764 45175770
2591 6127010 45179021
2592 6128004 45180805
2593 6129130 45183229
2594 6130217 45186014
2595 6131250 45188042
2596 6132414 45192436
2597 6133372 45195699
2598 6134571 45199916
2599 6135975 45203131
2600 6137007 45204862
2601 6138134 45209611
2602 6139402 45211448
2603 6140425 45215471
2604 6141635 45218325
2605 6142673 45219863
2606 6144150 45224379
2607 6145611 45227387
2608 6146691 45230431
2609 6147845 45235251
2610 6149206 45239732
2611 6150360 45241477
2612 6151565 45244102
2613 6152764 45246709
2614 6154211 45249475
2615 6155518 45251821
2616 6157467 45256652
2617 6158987 45261328
2618 6160745 45265372
2619 6162320 45269282
2620 6163567 45271495
2621 6165127 45275570
2622 6166942 45280190
2623 6168404 45284134
2624 6169857 45285891
2625 6171200 45288421
2626 6172405 45290023
2627 6173694 45292920
2628 6174877 45294849
2629 6176167 45298095
2630 6177824 45301733
2631 6179126 45304550
2632 6180365 45308449
2633 6181809 45311133
2634 6183148 45315953
2635 6184438 45318696
2636 6185508 45323347
2637 6186814 45325822
2638 6188054 45328300
2639 6189126 45329854
2640 6190444 45331462
2641 6192208 45333082
2642 6193609 45336015
2643 6194985 45339039
2644 6196616 45343310
2645 6197927 45347677
2646 6198892 45353397
2647 6199917 45357686
2648 6201168 45361549
2649 6202395 45365972
2650 6203627 45369036
2651 6204949 45373050
2652 6205979 45375895
2653 6207131 45379983
2654 6208576 45384065
2655 6209942 45387919
2656 6211211 45389450
2657 6212221 45393342
2658 6213885 45394946
2659 6215621 45396641
2660 6217080 45401277
2661 6218420 45408786
2662 6219691 45414187
2663 6220818 45421814
2664 6222542 45425406
2665 6223610 45429623
2666 6224565 45431542
2667 6225645 45434006
2668 6226517 45435451
2669 6227471 45439127
2670 6228423 45446404
2671 6229541 45449689
2672 6230444 45451245
2673 6231554 45453046
2674 6232741 45455565
2675 6233902 45458207
2676 6234838 45460456
2677 6236075 45465489
2678 6237220 45468659
2679 6238264 45471340
2680 6239661 45477065
2681 6241479 45481467
2682 6242415 45483319
2683 6243711 45487461
2684 6244707 45491179
2685 6245638 45494562
2686 6246841 45496271
2687 6247828 45497897
2688 6248871 45500914
2689 6249894 45502448
2690 6251182 45507225
2691 6252567 45510958
2692 6253938 45515254
2693 6255210 45518900
2694 6256534 45520828
2695 6257679 45524233
2696 6258629 45527417
2697 6259763 45531633
2698 6260813 45534905
2699 6261785 45537917
2700 6262888 45540407
2701 6263989 45541904
2702 6265059 45545961
2703 6266387 45548588
2704 6267645 45550271
2705 6268872 45552936
2706 6269978 45557319
2707 6271173 45559896
2708 6272100 45561724
2709 6273770 45564466
2710 6274867 45568142
2711 6276064 45572927
2712 6277218 45575430
2713 6278542 45579494
2714 6279525 45581167
2715 6280564 45583969
2716 6281524 45586560
2717 6282749 45590069
2718 6283719 45591597
2719 6284773 45593325
2720 6285916 45595723
2721 6286875 45600496
2722 6288027 45604056
2723 6289129 45605805
2724 6290165 45609125
2725 6291129 45610697
2726 6292251 45613595
2727 6293400 45617353
2728 6294420 45621355
2729 6295569 45624908
2730 6296591 45626511
2731 6297772 45630652
2732 6298852 45632341
2733 6299931 45636003
2734 6300961 45637703
2735 6301946 45640915
2736 6302770 45642576
2737 6303923 45645752
2738 6304866 45647235
2739 6306296 45650480
2740 6307330 45653936
2741 6308797 45656894
2742 6309665 45658351
2743 6310645 45659832
2744 6312008 45662716
2745 6313377 45664422
2746 6314435 45668932
2747 6315352 45672786
2748 6316796 45678073
2749 6317768 45679685
2750 6319051 45682904
2751 6320165 45686252
2752 6321061 45687786
2753 6321904 45689319
2754 6323316 45690733
2755 6324556 45693719
2756 6325726 45696354
2757 6326823 45698716
2758 6327777 45700254
2759 6329123 45703009
2760 6330224 45706782
2761 6331121 45713002
2762 6332574 45714871
2763 6333765 45718891
2764 6334892 45720538
2765 6335998 45725904
2766 6337548 45728860
2767 6339460 45730599
2768 6341021 45735289
2769 6342545 45738285
2770 6344792 45740701
2771 6347028 45744097
2772 6348481 45748530
2773 6350032 45755727
2774 6351249 45758534
2775 6352338 45762030
2776 6353667 45765169
2777 6354782 45767619
2778 6356200 45772099
2779 6357234 45773739
2780 6358216 45777691
2781 6359109 45781783
2782 6360838 45785021
2783 6361854 45787599
2784 6362907 45792556
2785 6364110 45795416
2786 6365115 45798930
2787 6366114 45800519
2788 6367042 45804869
2789 6368225 45807379
2790 6369201 45811325
2791 6370342 45813092
2792 6371516 45815633
2793 6372719 45819820
2794 6373720 45824362
2795 6375018 45826119
2796 6376166 45829965
2797 6377191 45833556
2798 6378091 45835149
2799 6378997 45836805
2800 6379957 45838384
2801 6380890 45839864
2802 6381810 45843771
2803 6382574 45845190
2804 6383927 45847135
2805 6385316 45850247
2806 6386407 45851781
2807 6387496 45855843
2808 6389107 45859268
2809 6390718 45861828
2810 6392193 45864312
2811 6393589 45866077
2812 6394912 45870416
2813 6396368 45875635
2814 6398221 45878666
2815 6399713 45882341
2816 6401798 45885799
2817 6403382 45889525
2818 6405184 45892961
2819 6406675 45894482
2820 6409053 45899014
2821 6412611 45904014
2822 6414314 45908976
2823 6415977 45913476
2824 6417760 45926529
2825 6419163 45929481
2826 6420440 45932039
2827 6421922 45936448
2828 6423550 45939408
2829 6424751 45941721
2830 6426456 45946538
2831 6427567 45950739
2832 6429161 45953634
2833 6430425 45955263
2834 6431544 45956739
2835 6433098 45958322
2836 6434543 45962258
2837 6435629 45966674
2838 6437094 45971116
2839 6438368 45973487
2840 6439535 45977582
2841 6440963 45980523
2842 6442374 45983752
2843 6443867 45986063
2844 6445296 45988424
2845 6446761 45992284
2846 6448129 45995158
2847 6451026 45997716
2848 6452680 46000039
2849 6454067 46002792
2850 6455075 46006975
2851 6465176 46010908
2852 6466444 46013645
2853 6467673 46015939
2854 6469222 46021235
2855 6470692 46024739
2856 6472139 46028475
2857 6473647 46032360
2858 6475316 46035638
2859 6476808 46039690
2860 6478165 46043582
2861 6480292 46047163
2862 6482712 46051031
2863 6484242 46053916
2864 6485519 46059887
2865 6487115 46062728
2866 6488559 46065345
2867 6489901 46069293
2868 6491342 46072940
2869 6492665 46076265
2870 6494121 46078976
2871 6495353 46082722
2872 6496969 46086247
2873 6498809 46090637
2874 6500146 46094314
2875 6501540 46097617
2876 6503085 46101442
2877 6504423 46104678
2878 6505562 46108948
2879 6506823 46113626
2880 6508172 46115402
2881 6510374 46119329
2882 6511662 46121210
2883 6512931 46124261
2884 6514376 46127822
2885 6515544 46129606
2886 6516985 46133161
2887 6517903 46137538
2888 6519148 46141843
2889 6529610 46145374
2890 6531058 46149949
2891 6532270 46152647
2892 6533574 46155806
2893 6534452 46158873
2894 6535529 46162351
2895 6536565 46163869
2896 6537942 46165586
2897 6539192 46168692
2898 6540663 46172746
2899 6542009 46176871
2900 6543076 46181266
2901 6544279 46183825
2902 6545501 46188126
2903 6546627 46192028
2904 6547731 46193526
2905 6548652 46196906
2906 6549829 46200944
2907 6550899 46204009
2908 6551861 46206925
2909 6552897 46211276
2910 6553862 46215876
2911 6555118 46220556
2912 6555958 46222935
2913 6556911 46224436
2914 6557927 46227602
2915 6558778 46229039
2916 6560955 46232557
2917 6562012 46234050
2918 6563378 46237764
2919 6564314 46239303
2920 6565576 46243291
2921 6566676 46246919
2922 6567703 46250532
2923 6568525 46253755
2924 6569502 46257027
2925 6570209 46306145
2926 6571662 46309447
2927 6572766 46311268
2928 6573992 46315795
2929 6575277 46318669
2930 6576370 46321027
2931 6577528 46326224
2932 6578816 46329051
2933 6580227 46331782
2934 6581960 46334594
2935 6583353 46337314
2936 6584578 46340769
2937 6585583 46344402
2938 6586651 46345942
2939 6587629 46350236
2940 6588586 46351757
2941 6589489 46353439
2942 6590806 46356680
2943 6592022 46371191
2944 6592918 46373623
2945 6593828 46375066
2946 6595152 46379074
2947 6596137 46381019
2948 6597172 46383840
2949 6598175 46386775
2950 6599166 46388381
2951 6600216 46391421
2952 6601306 46393086
2953 6602319 46396592
2954 6603334 46398907
2955 6604286 46400569
2956 6605456 46403094
2957 6606538 46406035
2958 6607515 46407551
2959 6608702 46410444
2960 6609719 46414305
2961 6610822 46415838
2962 6611817 46417449
2963 6613064 46420705
2964 6614102 46424763
2965 6615173 46428812
2966 6616362 46432656
2967 6617465 46434127
2968 6618704 46438256
2969 6620134 46442331
2970 6621267 46447102
2971 6622491 46449934
2972 6623934 46461561
2973 6625295 46464234
2974 6626485 46465779
2975 6627688 46468843
2976 6628746 46472970
2977 6629785 46474698
2978 6630959 46485396
2979 6632256 46489735
2980 6633368 46491421
2981 6634468 46492998
2982 6635494 46497327
2983 6636588 46501082
2984 6638319 46505557
2985 6639667 46508332
2986 6640877 46511170
2987 6642053 46514325
2988 6643111 46518036
2989 6644050 46519551
2990 6644921 46520971
2991 6645835 46525036
2992 6646874 46527630
2993 6647831 46530028
2994 6648616 46531350
2995 6649771 46533695
2996 6651276 46536817
2997 6652705 46538625
2998 6654089 46543244
2999 6655497 46545805
3000 6656717 46549473
3001 6657940 46553621
3002 6659132 46557612
3003 6660381 46565779
3004 6661559 46568467
3005 6663716 46572005
3006 6665454 46574870
3007 6667064 46577671
3008 6668636 46580385
3009 6670457 46583226
3010 6671866 46585800
3011 6673451 46589409
3012 6674935 46592034
3013 6676777 46596557
3014 6678540 46600597
3015 6680176 46604872
3016 6681867 46608709
3017 6683731 46612983
3018 6685804 46617130
3019 6687317 46618910
3020 6689042 46623309
3021 6690455 46626733
3022 6691927 46631511
3023 6693386 46635389
3024 6694844 46639363
3025 6696462 46643095
3026 6698047 46655275
3027 6699405 46658488
3028 6700920 46662941
3029 6702409 46665628
3030 6703775 46670385
3031 6705237 46675619
3032 6706660 46679455
3033 6708032 46681814
3034 6709416 46683538
3035 6710878 46687597
3036 6712155 46689849
3037 6713743 46693037
3038 6715375 46696474
3039 6716821 46698248
3040 6718233 46701485
3041 6719646 46705406
3042 6721446 46708743
3043 6722937 46710522
3044 6724310 46715117
3045 6725755 46717542
3046 6727058 46719239
3047 6728596 46722804
3048 6730083 46725740
3049 6731812 46728895
3050 6733259 46731553
3051 6734694 46736101
3052 6735712 46739390
3053 6736865 46742861
3054 6738125 46745317
3055 6739528 46749751
3056 6740753 46751444
3057 6742051 46755043
3058 6743125 46759507
3059 6744584 46763802
3060 6745784 46765617
3061 6747129 46769293
3062 6748500 46773552
3063 6749598 46775954
3064 6750594 46777439
3065 6751512 46780320
3066 6752396 46781722
3067 6753385 46784909
3068 6754206 46789085
3069 6755091 46791634
3070 6756232 46794145
3071 6757361 46803113
3072 6758618 46805455
3073 6759882 46808081
3074 6761090 46812269
3075 6762237 46814952
3076 6763647 46819189
3077 6765113 46822134
3078 6766481 46824779
3079 6767911 46826403
3080 6769127 46829967
3081 6770473 46832284
3082 6771807 46834543
3083 6773326 46838941
3084 6775130 46841760
3085 6776624 46844876
3086 6777926 46847451
3087 6779175 46850842
3088 6780371 46853509
3089 6781858 46855288
3090 6783285 46859547
3091 6784679 46861430
3092 6786405 46863144
3093 6787671 46865029
3094 6788846 46867330
3095 6790078 46869031
3096 6791353 46873597
3097 6792861 46877016
3098 6794021 46880514
3099 6795242 46884200
3100 6796559 46887971
3101 6797794 46891880
3102 6799139 46895411
3103 6800940 46898783
3104 6802396 46902442
3105 6803559 46906192
3106 6804916 46909723
3107 6806109 46913236
3108 6807219 46916497
3109 6808476 46919724
3110 6809675 46921409
3111 6811357 46924437
3112 6812697 46927418
3113 6813926 46929757
3114 6815095 46932883
3115 6816444 46936257
3116 6818489 46939880
3117 6820684 46942667
3118 6822176 46946335
3119 6823837 46948870
3120 6825351 46952783
3121 6827362 46956755
3122 6828676 46958855
3123 6829931 46962783
3124 6832212 46965457
3125 6834139 46968195
3126 6835915 46970749
3127 6837313 46973932
3128 6839239 46976290
3129 6841150 46978701
3130 6842622 46980128
3131 6844333 46982671
3132 6845506 46985347
3133 6846420 46986751
3134 6847403 46988211
3135 6848334 46992468
3136 6849634 46996356
3137 6851042 46998271
3138 6852297 47000980
3139 6853332 47003301
3140 6854283 47004708
3141 6855321 47008048
3142 6856346 47010207
3143 6857351 47013894
3144 6858433 47017452
3145 6859506 47020047
3146 6860648 47023792
3147 6862056 47027586
3148 6863098 47031491
3149 6864260 47034209
3150 6865140 47035766
3151 6866155 47038045
3152 6867031 47039471
3153 6867784 47042147
3154 6868788 47045783
3155 6870200 47048146
3156 6871092 47051748
3157 6872233 47054900
3158 6873441 47058792
3159 6874680 47062849
3160 6875617 47064265
3161 6876566 47065785
3162 6877674 47068073
3163 6878886 47071352
3164 6880055 47074590
3165 6881076 47078256
3166 6881990 47081415
3167 6883005 47082992
3168 6883948 47084442
3169 6884845 47086260
3170 6886341 47089113
3171 6887348 47092727
3172 6888296 47095146
3173 6889313 47098276
3174 6890193 47099874
3175 6891192 47102162
3176 6891876 47139350
3177 6893225 47143346
3178 6894323 47145161
3179 6895757 47148555
3180 6896758 47149909
3181 6898084 47153688
3182 6899607 47156274
3183 6901155 47158918
3184 6902342 47160458
3185 6903587 47162102
3186 6904807 47163652
3187 6905969 47167147
3188 6907063 47169605
3189 6908268 47172292
3190 6909570 47175542
3191 6911052 47179937
3192 6912522 47182541
3193 6913601 47183994
3194 6914715 47186924
3195 6915651 47190483
3196 6916775 47192625
3197 6917702 47194458
3198 6918928 47198298
3199 6921480 47201639
3200 6922455 47203191
3201 6923715 47206443
3202 6924580 47209254
3203 6925706 47211554
3204 6926652 47212920
3205 6927700 47216209
3206 6928706 47217779
3207 6929821 47219309
3208 6930848 47222079
3209 6931967 47223533
3210 6933185 47225044
3211 6934240 47229613
3212 6935206 47233169
3213 6936398 47236396
3214 6937424 47239684
3215 6938478 47245150
3216 6939580 47247984
3217 6940620 47253595
3218 6941686 47256201
3219 6942777 47260103
3220 6943766 47262090
3221 6945084 47267128
3222 6946163 47271004
3223 6947733 47273816
3224 6949257 47279120
3225 6950456 47284558
3226 6951547 47287396
3227 6952786 47291015
3228 6953931 47295184
3229 6955046 47309666
3230 6956255 47312206
3231 6957314 47317940
3232 6958363 47322845
3233 6959445 47329744
3234 6960606 47333851
3235 6961589 47337358
3236 6962687 47338888
3237 6964082 47341448
3238 6965302 47343590
3239 6966679 47345347
3240 6967999 47349332
3241 6969604 47351891
3242 6971014 47354871
3243 6972415 47358369
3244 6973705 47361596
3245 6974756 47363002
3246 6975979 47365396
3247 6977428 47370055
3248 6978635 47375896
3249 6980307 47380495
3250 6981777 47393069
3251 6982999 47398631
3252 6984346 47403902
3253 6985938 47410146
3254 6987284 47415896
3255 6988756 47422091
3256 6990819 47434768
3257 6992427 47442289
3258 6993779 47445523
3259 6995120 47448335
3260 6996433 47452408
3261 6997719 47455235
3262 6998877 47459668
3263 7000076 47462625
3264 7001208 47465705
3265 7002522 47467992
3266 7004130 47469947
3267 7006101 47472681
3268 7007574 47475920
3269 7009133 47478068
3270 7010829 47481269
3271 7012139 47484962
3272 7013540 47490012
3273 7014665 47495368
3274 7016235 47499391
3275 7017689 47502115
3276 7019257 47516788
3277 7020712 47520335
3278 7021772 47521851
3279 7022896 47525222
3280 7023896 47527752
3281 7025372 47531481
3282 7026723 47535323
3283 7028186 47538361
3284 7029786 47541235
3285 7031117 47553465
3286 7032659 47556346
3287 7034183 47559778
3288 7035710 47562152
3289 7037287 47564447
3290 7038759 47566197
3291 7040251 47569934
3292 7041743 47571938
3293 7043373 47575122
3294 7044875 47577851
3295 7046202 47581594
3296 7047714 47585042
3297 7049375 47586705
3298 7051159 47590648
3299 7052576 47592317
3300 7054106 47595243
3301 7055618 47597079
3302 7057122 47599746
3303 7058995 47611358
3304 7060580 47614760
3305 7062062 47619313
3306 7063595 47621686
3307 7065632 47625430
3308 7067004 47628465
3309 7068764 47632428
3310 7070105 47635453
3311 7071444 47637676
3312 7072897 47639980
3313 7074258 47643283
3314 7075696 47646225
3315 7077126 47649615
3316 7078643 47652588
3317 7080998 47655116
3318 7082738 47658111
3319 7084023 47661945
3320 7085359 47665693
3321 7086608 47668481
3322 7088091 47671228
3323 7089785 47675004
3324 7091017 47678597
3325 7092257 47682178
3326 7093858 47685368
3327 7095256 47687670
3328 7097052 47691230
3329 7098613 47695688
3330 7100010 47699925
3331 7101221 47703307
3332 7102781 47706568
3333 7104144 47708874
3334 7105558 47712209
3335 7106848 47716006
3336 7108130 47717976
3337 7109458 47721122
3338 7111653 47723625
3339 7114064 47728423
3340 7115954 47731130
3341 7118189 47734574
3342 7120553 47738021
3343 7123652 47741755
3344 7128101 47745490
3345 7130332 47749004
3346 7131783 47751217
3347 7133245 47754405
3348 7134899 47757531
3349 7136316 47760869
3350 7137637 47763878
3351 7139267 47766514
3352 7140433 47770009
3353 7141910 47772861
3354 7143199 47776061
3355 7144523 47777706
3356 7145881 47780541
3357 7147121 47783180
3358 7148381 47787161
3359 7149720 47789074
3360 7151227 47791656
3361 7152658 47794399
3362 7154039 47796788
3363 7155506 47800166
3364 7156925 47802824
3365 7158075 47804325
3366 7159149 47807799
3367 7160292 47810906
3368 7161335 47812424
3369 7162546 47815058
3370 7163733 47816646
3371 7164831 47819319
3372 7166183 47822356
3373 7167144 47825825
3374 7168296 47828057
3375 7169424 47831508
3376 7170275 47832794
3377 7171238 47834157
3378 7172333 47836775
3379 7173266 47844895
3380 7174449 47848097
3381 7175485 47850201
3382 7176756 47853594
3383 7178661 47855954
3384 7179799 47858431
3385 7180855 47861603
3386 7181862 47864503
3387 7182871 47866554
3388 7184068 47869318
3389 7185641 47871519
3390 7186733 47874065
3391 7187913 47876710
3392 7188949 47879431
3393 7190131 47881704
3394 7191088 47883073
3395 7191982 47884409
3396 7193090 47887986
3397 7194371 47891562
3398 7195325 47894005
3399 7196302 47896050
3400 7197339 47899402
3401 7198368 47901402
3402 7199588 47904043
3403 7200543 47905433
3404 7201727 47907687
3405 7202831 47910707
3406 7204012 47914010
3407 7205056 47917091
3408 7206113 47922401
3409 7207022 47923759
3410 7208258 47926619
3411 7209582 47929544
3412 7210775 47931907
3413 7211742 47935457
3414 7212908 47938669
3415 7213874 47940532
3416 7214977 47942055
3417 7216065 47945592
3418 7217154 47947947
3419 7218445 47950159
3420 7219500 47952934
3421 7220503 47955117
3422 7221459 47957531
3423 7222431 47958805
3424 7223666 47960950
3425 7224789 47963832
3426 7225951 47966494
3427 7227125 47968140
3428 7228279 47969716
3429 7229362 47973404
3430 7230671 47977384
3431 7231915 47980399
3432 7233098 47983760
3433 7234223 47986196
3434 7235674 47988734
3435 7236907 47991179
3436 7238019 47992800
3437 7239102 47995969
3438 7240326 47998129
3439 7241607 48002189
3440 7243048 48004880
3441 7244152 48007560
3442 7245537 48009301
3443 7246906 48012932
3444 7247972 48015268
3445 7249175 48017546
3446 7250176 48019654
3447 7251217 48022162
3448 7252616 48024336
3449 7253690 48028002
3450 7255094 48031847
3451 7256196 48034310
3452 7257315 48036500
3453 7258396 48038042
3454 7259440 48040999
3455 7260426 48042458
3456 7261356 48045608
3457 7262677 48047993
3458 7264019 48050903
3459 7265187 48052680
3460 7266309 48055700
3461 7267427 48058537
3462 7268507 48061403
3463 7270023 48065039
3464 7271340 48067702
3465 7272257 48069795
3466 7273703 48072433
3467 7274838 48075540
3468 7275816 48078770
3469 7277112 48080889
3470 7278432 48084056
3471 7279384 48085381
3472 7280377 48086828
3473 7281643 48090107
3474 7282741 48091566
3475 7283796 48107947
3476 7285151 48113834
3477 7286310 48118369
3478 7287290 48122444
3479 7288635 48125262
3480 7290154 48128672
3481 7291699 48130848
3482 7292898 48133074
3483 7294189 48135265
3484 7295397 48138121
3485 7296265 48139390
3486 7297396 48142192
3487 7298481 48145708
3488 7299543 48147731
3489 7300610 48150525
3490 7301529 48154274
3491 7302567 48155729
3492 7303481 48157044
3493 7304583 48159625
3494 7305491 48163320
3495 7306720 48164874
3496 7307724 48167756
3497 7308622 48171120
3498 7309643 48173028
3499 7310735 48175553
3500 7311651 48177367
3501 7312622 48180350
3502 7313737 48183130
3503 7314400 48201797
3504 7315235 48203155
3505 7316264 48205734
3506 7317500 48207003
3507 7318702 48208912
3508 7320167 48211136
3509 7321433 48213695
3510 7322339 48217506
3511 7323317 48218879
3512 7324629 48222303
3513 7325577 48223608
3514 7326554 48224894
3515 7327683 48227169
3516 7328731 48229046
3517 7329926 48231314
3518 7330865 48232610
3519 7332064 48235936
3520 7333078 48237527
3521 7333988 48239469
3522 7335148 48241655
3523 7336137 48251328
3524 7337291 48254695
3525 7338365 48256689
3526 7339477 48258209
3527 7340521 48259623
3528 7341496 48260948
3529 7342664 48263982
3530 7344083 48265662
3531 7345197 48268839
3532 7346372 48270442
3533 7347513 48272176
3534 7348588 48274809
3535 7349639 48277119
3536 7350719 48279171
3537 7351878 48281456
3538 7353139 48284278
3539 7354181 48287760
3540 7355168 48289101
3541 7356421 48292035
3542 7357574 48294104
3543 7358551 48296373
3544 7359643 48298971
3545 7361269 48301442
3546 7362404 48303790
3547 7363494 48306342
3548 7364695 48310028
3549 7365759 48313203
3550 7366991 48316775
3551 7367878 48318087
3552 7369415 48320943
3553 7370594 48322531
3554 7371674 48324002
3555 7372745 48327557
3556 7373805 48329029
3557 7375004 48331887
3558 7375997 48333443
3559 7376957 48334834
3560 7378093 48337855
3561 7379111 48340342
3562 7380204 48341760
3563 7381639 48345237
3564 7382870 48347339
3565 7383887 48349560
3566 7384855 48352656
3567 7385856 48354102
3568 7386807 48357119
3569 7387949 48359840
3570 7388858 48361563
3571 7389826 48371133
3572 7390969 48372564
3573 7392010 48373832
3574 7393069 48375157
3575 7394081 48376535
3576 7395168 48378835
3577 7396280 48380274
3578 7397400 48382411
3579 7398601 48385774
3580 7399777 48388946
3581 7400894 48390383
3582 7401976 48394081
3583 7403123 48395601
3584 7405141 48398601
3585 7406512 48401455
3586 7407744 48402859
3587 7408763 48406145
3588 7409896 48409967
3589 7411036 48411528
3590 7412186 48414645
3591 7413307 48416770
3592 7414618 48418846
3593 7415619 48420736
3594 7416590 48422036
3595 7417676 48424185
3596 7418713 48426502
3597 7419967 48429492
3598 7420926 48432943
3599 7422063 48434910
3600 7423160 48436177
3601 7424166 48437594
3602 7425163 48440515
3603 7426161 48442856
3604 7427026 48444173
3605 7427939 48446893
3606 7428977 48449238
3607 7430179 48451595
3608 7431065 48453808
3609 7432147 48456690
3610 7433091 48459747
3611 7434182 48462125
3612 7434920 48464709
3613 7436200 48468646
3614 7437618 48472018
3615 7438706 48475695
3616 7439733 48477266
3617 7441004 48478815
3618 7441976 48480122
3619 7442910 48481456
3620 7443961 48483258
3621 7445044 48485800
3622 7446073 48489192
3623 7447030 48491847
3624 7447973 48493720
3625 7449118 48496278
3626 7450050 48498598
3627 7450992 48500187
3628 7452149 48503090
3629 7453127 48505503
3630 7454288 48507825
3631 7455607 48510456
3632 7456979 48512702
3633 7458424 48515501
3634 7459926 48517859
3635 7461093 48520120
3636 7462200 48522608
3637 7463233 48525977
3638 7464213 48528325
3639 7465188 48529774
3640 7466273 48532631
3641 7467201 48535882
3642 7468366 48538950
3643 7469648 48540854
3644 7470686 48542217
3645 7471646 48543544
3646 7472630 48545949
3647 7473489 48548762
3648 7474456 48551593
3649 7475402 48552988
3650 7476314 48554519
3651 7477269 48556409
3652 7478105 48557890
3653 7479072 48559787
3654 7480460 48561774
3655 7481361 48562951
3656 7482553 48565988
3657 7484034 48567976
3658 7484917 48569426
3659 7486426 48571424
3660 7487296 48574231
3661 7488387 48576931
3662 7490010 48580417
3663 7491209 48583039
3664 7492382 48585805
3665 7493555 48587937
3666 7494838 48590988
3667 7496143 48594111
3668 7497378 48596197
3669 7498548 48599821
3670 7499769 48602094
3671 7501260 48604781
3672 7502557 48608828
3673 7503786 48611983
3674 7505224 48614726
3675 7506264 48618020
3676 7507492 48620352
3677 7509055 48622383
3678 7510292 48625222
3679 7511497 48627861
3680 7512746 48631156
3681 7514028 48633340
3682 7515094 48636539
3683 7516293 48640152
3684 7517607 48643007
3685 7518956 48645268
3686 7520173 48647671
3687 7521681 48650727
3688 7522879 48653045
3689 7524093 48655731
3690 7525093 48657178
3691 7526151 48659719
3692 7527477 48662208
3693 7528577 48663585
3694 7529724 48667002
3695 7530965 48669407
3696 7532010 48671703
3697 7533207 48673634
3698 7534311 48675540
3699 7535530 48677106
3700 7536666 48680063
3701 7537673 48683639
3702 7539103 48685971
3703 7540174 48688340
3704 7541221 48690790
3705 7542405 48693856
3706 7543495 48695907
3707 7544749 48698446
3708 7545958 48700483
3709 7546943 48701776
3710 7548015 48704961
3711 7549118 48706419
3712 7550156 48709322
3713 7551311 48710789
3714 7552537 48713483
3715 7553607 48715887
3716 7554527 48717593
3717 7555523 48720124
3718 7556493 48721904
3719 7557312 48724299
3720 7558340 48727256
3721 7559414 48729251
3722 7560305 48732817
3723 7561368 48735523
3724 7562165 48737564
3725 7563195 48739909
3726 7564204 48741901
3727 7565250 48744530
3728 7566280 48746405
3729 7567343 48749796
3730 7568680 48751224
3731 7569920 48753717
3732 7570962 48756146
3733 7571885 48757606
3734 7572985 48760149
3735 7573953 48762391
3736 7574961 48763868
3737 7576066 48766020
3738 7577073 48768262
3739 7578008 48769610
3740 7578886 48771161
3741 7579808 48773395
3742 7580748 48775904
3743 7581714 48777777
3744 7582733 48780121
3745 7583621 48781454
3746 7584323 48784027
3747 7585273 48785280
3748 7586311 48786612
3749 7587265 48789071
3750 7588433 48793532
3751 7589466 48795521
3752 7590695 48797321
3753 7591874 48799064
3754 7593352 48802375
3755 7594515 48805468
3756 7596904 48807813
3757 7598153 48810656
3758 7599064 48811936
3759 7600000 48813166
3760 7600908 48814389
3761 7602309 48816721
3762 7603722 48819868
3763 7604583 48822886
3764 7605581 48824377
3765 7606965 48825841
3766 7608083 48828002
3767 7609423 48831193
3768 7610576 48834003
3769 7611658 48836983
3770 7612589 48839928
3771 7613457 48842706
3772 7614450 48844581
3773 7615311 48846048
3774 7616207 48848176
3775 7617248 48850282
3776 7618015 48851484
3777 7618883 48854357
3778 7620470 48856946
3779 7621659 48859860
3780 7623022 48861587
3781 7624002 48862778
3782 7625261 48864908
3783 7626469 48867849
3784 7627600 48871241
3785 7629192 48873295
3786 7630486 48875603
3787 7631630 48878572
3788 7632767 48881455
3789 7634014 48884205
3790 7635246 48886187
3791 7636739 48889310
3792 7638777 48892773
3793 7640439 48895579
3794 7641870 48898457
3795 7643009 48901194
3796 7644202 48903403
3797 7645639 48905530
3798 7646999 48907812
3799 7648476 48910933
3800 7649856 48913845
3801 7651393 48916347
3802 7652559 48919666
3803 7654020 48922556
3804 7655202 48925252
3805 7656466 48927442
3806 7657766 48929648
3807 7658634 48932409
3808 7660340 48935642
3809 7661727 48937167
3810 7662990 48938834
3811 7664502 48941924
3812 7665804 48944012
3813 7666972 48946603
3814 7668365 48949064
3815 7669783 48951568
3816 7670789 48954045
3817 7672183 48956388
3818 7673671 48959157
3819 7674635 48960393
3820 7675758 48963389
3821 7677000 48966240
3822 7677856 48967388
3823 7678901 48969353
3824 7680265 48971477
3825 7681502 48973341
3826 7682908 48974744
3827 7684155 48977090
3828 7685443 48979428
3829 7687032 48981456
3830 7688218 48982726
3831 7689266 48983941
3832 7690400 48986410
3833 7691399 48987844
3834 7692543 48990469
3835 7693736 48992964
3836 7695105 48994614
3837 7696479 48997449
3838 7697450 49000536
3839 7698434 49003292
3840 7700336 49005513
3841 7701492 49006767
3842 7702916 49008314
3843 7704188 49011199
3844 7705519 49014188
3845 7707116 49016639
3846 7708540 49019888
3847 7709919 49021954
3848 7711031 49023409
3849 7712255 49025236
3850 7713467 49027508
3851 7714831 49030676
3852 7716292 49033635
3853 7717600 49036521
3854 7718777 49039618
3855 7720218 49041750
3856 7721357 49044774
3857 7722460 49047312
3858 7723514 49049165
3859 7724584 49050861
3860 7726041 49053360
3861 7727030 49054547
3862 7728280 49055975
3863 7729593 49057418
3864 7730919 49059964
3865 7732113 49063496
3866 7733407 49066031
3867 7734453 49068878
3868 7735792 49071516
3869 7736973 49073541
3870 7738220 49075499
3871 7739680 49077815
3872 7740909 49079903
3873 7742200 49082707
3874 7743304 49085183
3875 7744400 49086569
3876 7745321 49090037
3877 7746533 49092902
3878 7747860 49095290
3879 7749154 49097465
3880 7749981 49105857
3881 7751209 49107755
3882 7752302 49110314
3883 7753680 49113314
3884 7754861 49115317
3885 7755916 49118172
3886 7757030 49119556
3887 7758197 49122346
3888 7759453 49124348
3889 7760528 49126316
3890 7761330 49127390
3891 7762575 49131277
3892 7764113 49134287
3893 7765494 49136458
3894 7766821 49139701
3895 7768296 49141832
3896 7769429 49143858
3897 7770489 49146456
3898 7771730 49148674
3899 7772801 49150513
3900 7773859 49153040
3901 7774922 49154326
3902 7775969 49157210
3903 7776952 49158539
3904 7778092 49161162
3905 7779283 49162603
3906 7780649 49165218
3907 7781705 49167259
3908 7782747 49169796
3909 7784221 49172893
3910 7785258 49175342
3911 7786147 49176706
3912 7787165 49178894
3913 7788265 49180854
3914 7789342 49182872
3915 7790403 49185870
3916 7791343 49188583
3917 7792473 49190056
3918 7793541 49192493
3919 7794825 49195118
3920 7795838 49197511
3921 7796766 49199484
3922 7797810 49201548
3923 7798878 49203502
3924 7799618 49204573
3925 7800531 49206245
3926 7801364 49207403
3927 7802242 49208632
3928 7803052 49209729
3929 7804096 49212395
3930 7805041 49214962
3931 7806091 49217657
3932 7807061 49220644
3933 7808026 49222834
3934 7809339 49225145
3935 7810451 49227795
3936 7811494 49229999
3937 7812921 49232276
3938 7814116 49235189
3939 7815223 49237984
3940 7816208 49240430
3941 7817274 49242808
3942 7818126 49246507
3943 7819362 49247987
3944 7820578 49250558
3945 7821647 49253370
3946 7822949 49255388
3947 7824323 49257033
3948 7825563 49259987
3949 7826926 49262540
3950 7828112 49264114
3951 7829316 49266406
3952 7830444 49267904
3953 7831792 49270626
3954 7832763 49272864
3955 7833868 49275549
3956 7834702 49277783
3957 7835963 49280387
3958 7837303 49283471
3959 7838549 49285714
3960 7839469 49288193
3961 7840562 49290828
3962 7841697 49293578
3963 7842859 49296124
3964 7843767 49297415
3965 7844670 49299588
3966 7845443 49301663
3967 7846480 49304185
3968 7847312 49307990
3969 7848194 49309645
3970 7849582 49311831
3971 7850702 49314376
3972 7851996 49316101
3973 7853319 49319778
3974 7854356 49321219
3975 7855333 49323068
3976 7856450 49326004
3977 7857603 49329198
3978 7858895 49331501
3979 7859885 49334009
3980 7860869 49337919
3981 7861937 49339266
3982 7862954 49341556
3983 7863948 49344141
3984 7865113 49346118
3985 7866142 49348503
3986 7867112 49350299
3987 7868044 49352684
3988 7869375 49355390
3989 7870657 49358310
3990 7871601 49359987
3991 7872763 49361981
3992 7873861 49364504
3993 7874816 49366571
3994 7875924 49369260
3995 7876884 49370601
3996 7877526 49371623
