1 25453 142643
2 47421 158072
3 65532 175953
4 83654 193691
5 101046 211535
6 133418 231269
7 150187 246331
8 165131 260732
9 192574 277903
10 213602 296546
11 230969 313198
12 246150 327131
13 261713 342108
14 278398 358463
15 295747 375415
16 309880 389353
17 326399 405473
18 344007 422479
19 359814 440499
20 375142 455638
21 392010 471690
22 406207 485317
23 423553 502194
24 437390 516277
25 450491 530074
26 471742 551584
27 489522 568438
28 515862 585329
29 531689 600706
30 547901 617421
31 560790 631632
32 577098 648819
33 592066 664976
34 605016 678483
