1 62967 2979253
2 69893 3016187
3 75026 3028462
4 79773 3031167
5 89022 3035068
6 96235 3038079
7 102430 3040683
8 115384 3042767
9 123982 3044552
10 132934 3047058
11 142472 3049066
12 150444 3051371
13 158856 3052824
14 167580 3054793
15 177035 3056792
16 186412 3059050
17 195146 3060968
18 203209 3063478
19 210462 3064962
20 219815 3067063
21 230215 3068604
22 241951 3070161
23 249753 3071707
24 257020 3073425
25 266391 3075871
26 277052 3079448
27 286396 3081612
28 297414 3083807
29 307789 3085699
30 316965 3087385
31 326890 3089855
32 337080 3091791
33 345783 3094039
34 356593 3096242
35 368478 3099036
36 380990 3101573
37 391131 3103507
38 401543 3105544
39 411555 3107262
40 420270 3108896
41 429878 3110678
42 441267 3113577
43 450733 3115165
44 459939 3116645
45 471374 3119394
46 483206 3122273
47 493559 3124985
48 503217 3126699
49 514828 3129603
50 525908 3131650
51 537655 3133982
52 547770 3135863
53 558382 3138278
54 585688 3140148
55 597363 3142463
56 615692 3144741
57 625858 3146500
58 634472 3148356
59 643921 3150520
60 654818 3153126
61 663575 3154969
62 672190 3156791
63 689280 3159222
64 698355 3160825
65 706909 3162341
66 716204 3163709
67 725636 3164706
68 734615 3165832
69 743813 3166872
70 752196 3168333
71 761690 3169557
72 769428 3170495
73 777908 3171623
74 787917 3173025
75 796737 3174216
76 804701 3175125
77 812647 3176182
78 821798 3177186
79 829226 3178069
80 838629 3179929
81 849547 3181341
82 860638 3183063
83 871067 3184230
84 881995 3185315
85 892023 3186428
86 902315 3187711
87 912382 3188761
88 921046 3189723
89 930165 3190725
90 938899 3191639
91 948300 3192740
92 956616 3193693
93 965650 3194607
94 975002 3195629
95 982985 3196658
96 992339 3197793
97 1001503 3198841
98 1010680 3199874
99 1019546 3200796
100 1028796 3201859
101 1037810 3202894
102 1046755 3203954
103 1055767 3204884
104 1063673 3205770
105 1072359 3206773
106 1080954 3207750
107 1089888 3208655
108 1099071 3210109
109 1106964 3211215
110 1115515 3212241
111 1124008 3213600
112 1132112 3214614
113 1140169 3215534
114 1151207 3217161
115 1160243 3218205
116 1168013 3219432
117 1177281 3220837
118 1188539 3222144
119 1197880 3223301
120 1209258 3225237
121 1219564 3226278
122 1228407 3227624
123 1236413 3228616
124 1246782 3229948
125 1265393 3230915
126 1273124 3231812
127 1297922 3233590
128 1337443 3234773
129 1342737 3235863
130 1347034 3237371
131 1351689 3239036
132 1357037 3240631
133 1361865 3242077
134 1365858 3243287
135 1369439 3244309
136 1373161 3245240
137 1377192 3246556
138 1381129 3247668
139 1384840 3248808
140 1388288 3249888
141 1392108 3250838
142 1396406 3252664
143 1401284 3254067
144 1405557 3255244
145 1409715 3256448
146 1413630 3257557
147 1417641 3258679
148 1442474 3259895
149 1447146 3260934
150 1451036 3262167
151 1454814 3263132
152 1458442 3264105
153 1462347 3265062
154 1466182 3266038
155 1470067 3267101
156 1473842 3268708
157 1477486 3269741
158 1481203 3270767
159 1484798 3271934
160 1489135 3273076
161 1493204 3274063
162 1497332 3275217
163 1501201 3276301
164 1505206 3277433
165 1509639 3278776
166 1513413 3279753
167 1517244 3280762
168 1519368 3281638
169 1521485 3282629
170 1523878 3283848
171 1526198 3285118
172 1528375 3286150
173 1530580 3287132
174 1532723 3288051
175 1534990 3289170
176 1537120 3290202
177 1539331 3291433
178 1542753 3292347
179 1545161 3293710
180 1547218 3294641
181 1549260 3295503
182 1552380 3298022
183 1554541 3299007
184 1556620 3299931
185 1558744 3300837
186 1560862 3301921
187 1563058 3303000
188 1565375 3304372
189 1567917 3305674
190 1570173 3306686
191 1589755 3308405
192 1594732 3309567
193 1598939 3310803
194 1603125 3311839
195 1607891 3312857
196 1612353 3313797
197 1616703 3314695
198 1622659 3316120
199 1630557 3317367
200 1635507 3318717
201 1639002 3319883
202 1645008 3321070
203 1649542 3322037
204 1655461 3323166
205 1659866 3324093
206 1665726 3324976
207 1671358 3326264
208 1677270 3327482
209 1682295 3328634
210 1688830 3329924
211 1692789 3331216
212 1696887 3332259
213 1702685 3333938
214 1707720 3335221
215 1712288 3336157
216 1717257 3337780
217 1722849 3339019
218 1726903 3339952
219 1732730 3341099
220 1738232 3342281
221 1742638 3343278
222 1746417 3344260
223 1750137 3345189
224 1755458 3346460
225 1761299 3347453
226 1765185 3348378
227 1770543 3349668
228 1774664 3350652
229 1778566 3351619
230 1784435 3353296
231 1789298 3354603
232 1794762 3355677
233 1799520 3357098
234 1803551 3358178
235 1809629 3359564
236 1814123 3360582
237 1821950 3361861
238 1826189 3362760
239 1830063 3363692
240 1835749 3364827
241 1840057 3365916
242 1846552 3368008
243 1851736 3369591
244 1858257 3370934
245 1863821 3372579
246 1868905 3373919
247 1873194 3374995
248 1879363 3378266
249 1883921 3380609
250 1888774 3382681
251 1895502 3385509
252 1900513 3388084
253 1904520 3390066
254 1909898 3393039
255 2358754 3395459
256 2367880 3397138
257 2373095 3399304
258 2376714 3400814
259 2380721 3403144
260 2384708 3404980
261 2388762 3407429
262 2392442 3409190
263 2395669 3410991
264 2399324 3413164
265 2402609 3414925
266 2407617 3417200
267 2411425 3419331
268 2414882 3421439
269 2418414 3423558
270 2422045 3426050
271 2426072 3428521
272 2429910 3430561
273 2433235 3432448
274 2437595 3434938
275 2441732 3437700
276 2445584 3439945
277 2448671 3441748
278 2452374 3444342
279 2455905 3446614
280 2459692 3448770
281 2462955 3450726
282 2466492 3453089
283 2470403 3455627
284 2474313 3458128
285 2478171 3460790
286 2481780 3463014
287 2485244 3465194
288 2489129 3467077
289 2492619 3469104
290 2496450 3471753
291 2500314 3473641
292 2503681 3475077
293 2506529 3476426
294 2510163 3478920
295 2514194 3481256
296 2517698 3483216
297 2523657 3485978
298 2527625 3487826
299 2530934 3490144
300 2533934 3491546
301 2537401 3494594
302 2540480 3496241
303 2543820 3498296
304 2547469 3500631
305 2550887 3502541
306 2554721 3505133
307 2558572 3508446
308 2561811 3511140
309 2565641 3514107
310 2568523 3516331
311 2572671 3521460
312 2576429 3524892
313 2580750 3528763
314 2584253 3530896
315 2588661 3533816
316 2592288 3536199
317 2596623 3538924
318 2601058 3541767
319 2608295 3546032
320 2612929 3548177
321 2617423 3551298
322 2622564 3554208
323 2627873 3556652
324 2633197 3559381
325 2638923 3562995
326 2642806 3565516
327 2647697 3569435
328 2651906 3571876
329 2656160 3575405
330 2660845 3581285
331 2664864 3584845
332 2669730 3587822
333 2673655 3590294
334 2678173 3593219
335 2682800 3596145
336 2686666 3599112
337 2691060 3602022
338 2694991 3604381
339 2698847 3606775
340 2702211 3608896
341 2705685 3611543
342 2709413 3614873
343 2713100 3617157
344 2716730 3620502
345 2720649 3623346
346 2724716 3627450
347 2728509 3630384
348 2732761 3634366
349 2738519 3637963
350 2742141 3640244
351 2746435 3643632
352 2749761 3645422
353 2753140 3647271
354 2756937 3649642
355 2760298 3651545
356 2764707 3655418
357 2769699 3658518
358 2773846 3661564
359 2778567 3664642
360 2782539 3666955
361 2785851 3668728
362 2789972 3671723
363 2794176 3674849
364 2797992 3677251
365 2801679 3679855
366 2805010 3682777
367 2809414 3685065
368 2815039 3687974
369 2818791 3690115
370 2831941 3694007
371 2835555 3695870
372 2838610 3698070
373 2841765 3700849
374 2844895 3703041
375 2848519 3705557
376 2851994 3707902
377 2854557 3709940
378 2857609 3711962
379 2862830 3714340
380 2865789 3716098
381 2868968 3717900
382 2872032 3721059
383 2875094 3722312
384 2884691 3723571
385 2887771 3724527
386 2890970 3725705
387 2894281 3727151
388 2897033 3728041
389 2900200 3729290
390 2903032 3730234
391 2906587 3731378
392 2909432 3732279
393 2912310 3733235
394 2920067 3734372
395 2923129 3735429
396 2926419 3736449
397 2929618 3737492
398 2932919 3738492
399 2936001 3739440
400 2939186 3740413
401 2942767 3741563
402 2946370 3742739
403 2949844 3743851
404 2953275 3744801
405 2956651 3745677
406 2960450 3747283
407 2964743 3748509
408 2968301 3749711
409 2971884 3750878
410 2974838 3751821
411 2977633 3752712
412 2980684 3753695
413 2983870 3754654
414 2987683 3755857
415 2990770 3756973
416 2993707 3757936
417 2996826 3758900
418 3000077 3759963
419 3003569 3761015
420 3006544 3761968
421 3009439 3762908
422 3012889 3763812
423 3015898 3764749
424 3019773 3766213
425 3023094 3767332
426 3026344 3768387
427 3028987 3769292
428 3032881 3770662
429 3036396 3771999
430 3039553 3773258
431 3042332 3774207
432 3045787 3775376
433 3049066 3776830
434 3052889 3778154
435 3056990 3779075
436 3060323 3780178
437 3063585 3784692
438 3066890 3786093
439 3069786 3787182
440 3072751 3788378
441 3076013 3789913
442 3078990 3793980
443 3081792 3795350
444 3084390 3796423
445 3087558 3797999
446 3090824 3798969
447 3093952 3800003
448 3097409 3801135
449 3100701 3802462
450 3103747 3803505
451 3107331 3804686
452 3110511 3805782
453 3113496 3806749
454 3116690 3807936
455 3120478 3809019
456 3124153 3810095
457 3127306 3811090
458 3130801 3812110
459 3133584 3812969
460 3137798 3814063
461 3141017 3815020
462 3143920 3815889
463 3147110 3817124
464 3150182 3818150
465 3153120 3819531
466 3155960 3820393
467 3158756 3821381
468 3161555 3822432
469 3164538 3823889
470 3166973 3824827
471 3170161 3825908
472 3172836 3826909
473 3175219 3827717
474 3178727 3828790
475 3181793 3829779
476 3185060 3831066
477 3187601 3831928
478 3190412 3832987
479 3193220 3833915
480 3196209 3834844
481 3198950 3835769
482 3202092 3836643
483 3204669 3837528
484 3207584 3838491
485 3210456 3839372
486 3213305 3840191
487 3216781 3841313
488 3219526 3842153
489 3222544 3843158
490 3226699 3844057
491 3230559 3845179
492 3235039 3846519
493 3238364 3847568
494 3242025 3848750
495 3245076 3849794
496 3248169 3850860
497 3251536 3852034
498 3254941 3853182
499 3257674 3854170
500 3261152 3855357
501 3264381 3856404
502 3267640 3857451
503 3271240 3858507
504 3274319 3859533
505 3277324 3860531
506 3280305 3861785
507 3283504 3862769
508 3287119 3863728
509 3290134 3864688
510 3293032 3865625
511 3296293 3866695
512 3313773 3867904
513 3318186 3869005
514 3321678 3870208
515 3325067 3871327
516 3328477 3872489
517 3333109 3873562
518 3336323 3874535
519 3339005 3875419
520 3341975 3876367
521 3344623 3877274
522 3360756 3878310
523 3363963 3879271
524 3367578 3880456
525 3370674 3881523
526 3373940 3882562
527 3377098 3883502
528 3380106 3884452
529 3382710 3885381
530 3385984 3886445
531 3388791 3887353
532 3392052 3888286
533 3394861 3889210
534 3397778 3890160
535 3401924 3891534
536 3405166 3892618
537 3408945 3893789
538 3412137 3894832
539 3415183 3895765
540 3418224 3896773
541 3421120 3897712
542 3426702 3899011
543 3430315 3899879
544 3433416 3900823
545 3437643 3901760
546 3440348 3902635
547 3443691 3903590
548 3446287 3904472
549 3448961 3905490
550 3452013 3906608
551 3455521 3908001
552 3459502 3909262
553 3462099 3910215
554 3464740 3911115
555 3467041 3911900
556 3470136 3912920
557 3473763 3914147
558 3477064 3915247
559 3480128 3916262
560 3483996 3917438
561 3487526 3930983
562 3490661 3932043
563 3493692 3933024
564 3496607 3933942
565 3499800 3935023
566 3503283 3936357
567 3506129 3937406
568 3509029 3938310
569 3512019 3939491
570 3514621 3940323
571 3517634 3941307
572 3520754 3942377
573 3524759 3943917
574 3527795 3944958
575 3530718 3945911
576 3535264 3946954
577 3538117 3947836
578 3541060 3948737
579 3543699 3949617
580 3546684 3950955
581 3549834 3951999
582 3552285 3952937
583 3555267 3953894
584 3558098 3954782
585 3561346 3955807
586 3564358 3957087
587 3567178 3958115
588 3570044 3959167
589 3572781 3960051
590 3575796 3961426
591 3579274 3963388
592 3583019 3964831
593 3586178 3966113
594 3589030 3967457
595 3591894 3969175
596 3594530 3970050
597 3597499 3971188
598 3600048 3972074
599 3603199 3973162
600 3606326 3974187
601 3609168 3975083
602 3611948 3975985
603 3614678 3976908
604 3617935 3977967
605 3620834 3978973
606 3623192 3979869
607 3628211 3981053
608 3631226 3981858
609 3634101 3982629
610 3640036 3983986
611 3643332 3985040
612 3646662 3988763
613 3650036 3989950
614 3653197 3991008
615 3656797 3992232
616 3659692 3993243
617 3662817 3994312
618 3666055 3995557
619 3669103 3996720
620 3672947 3998227
621 3676180 3999310
622 3679089 4000277
623 3681993 4001314
624 3684924 4002517
625 3687812 4003707
626 3690447 4004629
627 3693952 4005796
628 3697346 4006812
629 3701582 4008250
630 3705598 4009394
631 3709859 4010649
632 3714814 4011761
633 3718956 4013069
634 3723266 4014333
635 3727352 4015579
636 3730852 4016644
637 3734591 4017779
638 3737885 4018732
639 3741798 4019973
640 3746910 4021138
641 3750475 4022607
642 3753788 4023675
643 3774699 4025007
644 3779218 4026815
645 3782275 4027843
646 3785918 4029026
647 3788825 4030018
648 3791604 4031013
649 3794202 4031932
650 3797394 4033045
651 3800799 4034446
652 3805774 4035691
653 3809153 4036744
654 3812471 4037771
655 3816342 4039329
656 3819449 4040373
657 3822968 4041472
658 3825964 4042509
659 3828821 4043450
660 3832856 4044829
661 3836094 4045951
662 3839667 4047173
663 3843272 4048316
664 3848714 4049556
665 3852840 4050587
666 3856676 4051480
667 3860716 4052720
668 3863796 4053755
669 3866553 4054679
670 3868946 4055605
671 3872265 4056694
672 3875741 4057941
673 3879506 4059177
674 3883989 4060592
675 3890950 4062078
676 3897062 4063174
677 3901844 4064227
678 3905255 4065073
679 3910139 4066099
680 3915155 4067278
681 3918605 4068289
682 3921876 4069265
683 3925335 4070406
684 3928549 4071498
685 3931720 4072574
686 3934848 4073637
687 3937985 4074738
688 3941050 4075766
689 3944408 4077014
690 3947745 4078125
691 3950877 4079192
692 3954080 4080372
693 3957190 4081556
694 3960895 4082638
695 3964037 4083843
696 3967334 4084921
697 3971881 4085942
698 3975119 4086975
699 3978355 4088139
700 3982103 4090527
701 3985631 4091708
702 3988859 4092700
703 3992026 4093697
704 3995698 4094905
705 3999102 4096060
706 4003261 4097383
707 4007790 4098463
708 4010939 4099496
709 4014380 4100666
710 4017424 4101769
711 4020469 4102852
712 4023341 4103865
713 4026419 4104868
714 4029161 4105803
715 4032388 4106837
716 4035439 4107833
717 4038531 4108879
718 4041779 4109988
719 4046000 4111098
720 4049594 4112255
721 4052642 4113249
722 4055946 4114359
723 4059401 4115779
724 4062339 4117099
725 4065558 4118153
726 4068226 4119111
727 4071712 4120345
728 4074763 4121317
729 4077820 4122284
730 4080964 4123266
731 4083826 4124224
732 4086572 4125433
733 4089339 4126953
734 4092722 4129060
735 4095524 4130341
736 4098426 4131423
737 4102345 4132744
738 4105500 4133899
739 4108266 4135232
740 4111603 4136386
741 4114680 4137690
742 4119154 4138892
743 4122169 4139838
744 4125177 4140937
745 4128545 4142132
746 4131723 4143228
747 4134649 4144345
748 4136787 4145416
749 4138618 4146485
750 4140416 4147598
751 4141979 4148573
752 4143752 4149548
753 4145458 4150543
754 4147126 4152170
755 4148880 4153647
756 4150644 4154639
757 4152103 4155688
758 4153551 4156660
759 4155003 4157654
760 4156517 4158610
761 4157939 4159612
762 4159225 4160450
763 4161013 4161557
764 4162506 4162574
765 4164003 4163732
766 4166602 4165012
767 4169013 4165988
768 4170723 4167080
769 4172168 4168037
770 4173656 4169039
771 4175145 4170092
772 4176833 4171139
773 4178605 4172150
774 4180444 4173426
775 4182091 4174432
776 4183765 4175476
777 4185457 4176765
778 4186957 4177734
779 4188636 4178835
780 4190086 4179798
781 4191621 4180756
782 4193216 4181707
783 4194771 4183054
784 4196239 4184047
785 4197753 4185049
786 4199128 4185968
787 4200702 4187375
788 4202236 4188384
789 4203639 4189346
790 4205038 4190579
791 4206950 4191515
792 4208822 4195451
793 4210366 4196649
794 4212124 4197803
795 4213563 4198846
796 4215279 4200014
797 4216823 4201035
798 4219116 4202935
799 4220992 4204200
800 4222578 4205295
801 4224057 4206407
802 4225771 4207529
803 4227344 4208469
804 4228987 4210020
805 4230546 4211328
806 4231980 4212277
807 4233453 4222302
808 4234869 4223493
809 4236443 4224773
810 4237874 4225742
811 4239783 4226696
812 4242189 4228049
813 4244107 4229361
814 4245812 4230391
815 4247682 4231607
816 4249854 4232670
817 4251530 4233638
818 4253006 4234516
819 4254678 4235753
820 4256185 4236683
821 4257724 4237904
822 4259468 4238948
823 4261093 4239950
824 4262720 4240935
825 4264338 4241999
826 4266865 4243508
827 4268302 4244350
828 4269898 4245368
829 4271394 4246313
830 4272831 4247195
831 4274262 4248094
832 4275774 4249023
833 4277083 4249859
834 4278847 4251053
835 4280587 4252148
836 4282391 4253316
837 4283803 4254213
838 4286189 4255482
839 4287965 4256611
840 4289661 4257631
841 4290966 4258459
842 4292540 4259607
843 4294084 4260611
844 4295439 4261482
845 4296986 4262486
846 4298160 4263235
847 4299726 4264265
848 4301103 4265164
849 4302422 4266046
850 4304141 4267192
851 4305517 4268112
852 4307232 4269157
853 4308951 4270148
854 4310654 4271126
855 4312043 4272046
856 4313702 4273338
857 4315200 4274397
858 4316746 4275486
859 4318191 4276471
860 4319619 4277423
861 4320979 4278606
862 4322389 4279493
863 4323813 4280446
864 4325159 4281311
865 4326494 4282191
866 4328374 4283197
867 4329812 4285012
868 4331312 4286251
869 4332625 4287135
870 4334212 4288234
871 4335545 4289171
872 4336905 4290274
873 4338570 4291460
874 4339994 4292444
875 4341616 4293529
876 4342952 4294506
877 4344710 4295801
878 4346167 4296915
879 4347541 4297862
880 4349232 4299321
881 4350887 4300465
882 4352216 4301408
883 4353568 4302356
884 4354757 4303172
885 4356309 4304227
886 4357593 4305117
887 4358869 4305957
888 4360175 4306907
889 4361512 4307820
890 4363017 4308784
891 4364448 4309729
892 4365722 4310584
893 4367101 4311492
894 4368443 4312434
895 4369844 4313644
896 4371770 4314702
897 4373376 4315723
898 4374846 4316710
899 4376073 4317612
900 4377691 4318650
901 4379003 4319559
902 4380534 4320574
903 4382094 4321613
904 4383517 4322541
905 4384818 4323387
906 4386460 4324394
907 4387873 4325307
908 4389090 4326096
909 4390691 4327093
910 4392207 4328087
911 4393644 4329055
912 4395288 4330174
913 4396660 4331098
914 4397986 4331971
915 4399237 4332824
916 4400652 4333762
917 4402276 4334770
918 4403583 4335631
919 4404822 4336475
920 4406128 4337351
921 4407410 4338215
922 4408965 4339262
923 4410323 4340201
924 4411568 4341041
925 4412872 4341950
926 4414995 4342866
927 4416355 4343702
928 4417823 4344658
929 4419324 4345626
930 4420816 4346558
931 4422558 4347577
932 4423907 4348446
933 4425540 4349548
934 4427164 4350649
935 4428631 4351627
936 4430166 4352658
937 4431710 4353651
938 4433297 4354798
939 4434653 4355711
940 4436011 4356598
941 4437407 4357476
942 4438726 4358592
943 4439984 4359794
944 4441356 4360669
945 4442899 4362285
946 4444340 4363483
947 4445822 4364676
948 4447115 4366327
949 4448499 4367813
950 4450065 4369236
951 4451576 4370943
952 4452891 4371941
953 4454288 4372872
954 4455582 4373811
955 4457590 4375214
956 4458832 4376196
957 4460626 4377382
958 4462173 4378418
959 4463578 4379340
960 4464946 4380239
961 4466381 4381215
962 4467943 4382284
963 4469340 4383208
964 4470651 4384086
965 4471966 4384964
966 4473434 4385997
967 4474721 4386878
968 4476244 4388110
969 4477525 4388999
970 4478788 4389892
971 4480235 4390891
972 4481664 4391838
973 4483506 4393728
974 4485122 4394806
975 4486565 4395728
976 4488116 4396645
977 4489839 4397813
978 4491178 4398747
979 4492450 4399579
980 4494086 4400635
981 4495474 4401564
982 4497126 4402660
983 4498733 4403720
984 4500784 4404839
985 4502842 4406100
986 4504445 4407109
987 4506080 4408218
988 4507653 4409204
989 4509323 4410387
990 4510960 4411314
991 4513082 4412477
992 4515162 4413537
993 4517078 4414822
994 4519487 4415886
995 4521208 4416924
996 4523486 4418272
997 4525497 4419368
998 4527123 4420238
999 4529119 4421272
1000 4531543 4422194
1001 4533746 4423424
1002 4535727 4424328
1003 4538286 4425454
1004 4539906 4426434
1005 4541190 4427286
1006 4542517 4428251
1007 4543817 4429135
1008 4545095 4429982
1009 4546456 4430976
1010 4548095 4432310
1011 4549884 4433163
1012 4551318 4434093
1013 4552928 4435386
1014 4554137 4436217
1015 4555499 4437179
1016 4556683 4437973
1017 4558053 4439046
1018 4559375 4439946
1019 4560846 4441164
1020 4562252 4442164
1021 4563786 4443080
1022 4565172 4444050
1023 4566580 4444959
1024 4568017 4445996
1025 4569433 4446921
1026 4571178 4447854
1027 4572461 4448714
1028 4573605 4449490
1029 4575338 4450823
1030 4576738 4451794
1031 4578402 4452912
1032 4580117 4453996
1033 4581841 4454883
1034 4583151 4455757
1035 4584436 4456653
1036 4586351 4458071
1037 4588294 4459312
1038 4589632 4460252
1039 4590870 4461149
1040 4592467 4462151
1041 4593842 4463097
1042 4595417 4464179
1043 4596828 4465274
1044 4598601 4466199
1045 4600241 4467221
1046 4601548 4468111
1047 4603045 4469157
1048 4604298 4470001
1049 4605702 4471036
1050 4607240 4472117
1051 4608770 4472979
1052 4610120 4473824
1053 4611708 4474843
1054 4613235 4476083
1055 4614557 4476993
1056 4616221 4478002
1057 4617793 4478923
1058 4619609 4479971
1059 4621624 4481277
1060 4622870 4482102
1061 4624464 4482991
1062 4626022 4484094
1063 4627391 4484912
1064 4628712 4485824
1065 4630459 4486912
1066 4631726 4487771
1067 4633644 4489041
1068 4634893 4489912
1069 4636405 4491203
1070 4637637 4492052
1071 4638840 4492908
1072 4640471 4494232
1073 4642579 4495732
1074 4643875 4496798
1075 4645303 4498026
1076 4646447 4498937
1077 4648161 4500796
1078 4649491 4501731
1079 4650507 4502460
1080 4651543 4503471
1081 4653221 4508667
1082 4654556 4509825
1083 4656229 4511140
1084 4657523 4512395
1085 4659052 4513861
1086 4660569 4515456
1087 4661847 4516603
1088 4663551 4517943
1089 4664781 4519218
1090 4666242 4520758
1091 4667711 4521758
1092 4669033 4522638
1093 4670231 4523476
1094 4671275 4524209
1095 4672819 4526925
1096 4674199 4527858
1097 4675804 4528923
1098 4677280 4530092
1099 4678877 4531507
1100 4680223 4532418
1101 4681879 4533567
1102 4683213 4534456
1103 4684970 4535739
1104 4686501 4536758
1105 4687761 4537559
1106 4689948 4538838
1107 4691461 4539732
1108 4692907 4540945
1109 4694264 4541849
1110 4695613 4542707
1111 4696736 4543481
1112 4698022 4544377
1113 4699295 4545244
1114 4700739 4546229
1115 4701859 4547015
1116 4703270 4548179
1117 4704747 4550157
1118 4706084 4551022
1119 4707590 4552103
1120 4709065 4553049
1121 4710795 4554223
1122 4712110 4555369
1123 4713442 4556456
1124 4714997 4557520
1125 4716243 4558334
1126 4717403 4559135
1127 4718899 4560116
1128 4720511 4561318
1129 4721840 4562244
1130 4723037 4563067
1131 4724290 4564128
1132 4725699 4565201
1133 4727213 4566192
1134 4728496 4567057
1135 4729697 4567880
1136 4731131 4568902
1137 4732215 4569696
1138 4733522 4570787
1139 4734698 4571580
1140 4736683 4574178
1141 4738327 4575774
1142 4739944 4577361
1143 4741517 4578344
1144 4743140 4579444
1145 4744811 4581216
1146 4746493 4582491
1147 4748258 4583714
1148 4749910 4584932
1149 4751573 4586499
1150 4753175 4587591
1151 4754934 4588846
1152 4757085 4589962
1153 4758731 4591048
1154 4760314 4592079
1155 4761844 4600982
1156 4763572 4602701
1157 4765184 4603768
1158 4766799 4605163
1159 4768343 4606330
1160 4769944 4607408
1161 4771697 4609096
1162 4773268 4610104
1163 4774842 4611730
1164 4777012 4612943
1165 4778916 4614264
1166 4780945 4615737
1167 4782405 4616671
1168 4784083 4618079
1169 4786036 4619230
1170 4787649 4620663
1171 4789551 4621999
1172 4791165 4623252
1173 4793011 4624450
1174 4795054 4625709
1175 4796582 4627032
1176 4798830 4628699
1177 4800835 4629784
1178 4802645 4631139
1179 4805400 4633148
1180 4808971 4634429
1181 4811088 4635906
1182 4812839 4637583
1183 4814975 4638844
1184 4817468 4639954
1185 4819145 4641024
1186 4820705 4642149
1187 4822241 4643594
1188 4824311 4644597
1189 4825953 4645874
1190 4827412 4646829
1191 4828711 4647924
1192 4830493 4649101
1193 4831955 4650078
1194 4833489 4651454
1195 4835188 4652569
1196 4836714 4653764
1197 4838392 4655263
1198 4840228 4656531
1199 4841976 4657814
1200 4843587 4658961
1201 4845041 4660052
1202 4846645 4661224
1203 4848418 4662347
1204 4850067 4663488
1205 4851514 4664445
1206 4853307 4665534
1207 4855066 4666879
1208 4856548 4667911
1209 4857865 4668780
1210 4859238 4669830
1211 4860668 4671036
1212 4862052 4671979
1213 4863523 4672897
1214 4865087 4674210
1215 4866711 4675337
1216 4868635 4676322
1217 4870182 4677311
1218 4871862 4678263
1219 4873064 4679051
1220 4874933 4680296
1221 4876621 4681752
1222 4878342 4683087
1223 4880282 4684329
1224 4881914 4685385
1225 4883334 4686394
1226 4884719 4687299
1227 4886341 4688350
1228 4887677 4689312
1229 4889014 4690263
1230 4890801 4691421
1231 4892199 4692295
1232 4893661 4693426
1233 4894846 4694255
1234 4895937 4694986
1235 4897464 4697042
1236 4899361 4698283
1237 4901477 4699861
1238 4903031 4700742
1239 4904486 4701739
1240 4905688 4702626
1241 4907286 4703875
1242 4908552 4704716
1243 4910061 4706027
1244 4911454 4707007
1245 4912954 4707992
1246 4914270 4708859
1247 4915956 4709955
1248 4917475 4711118
1249 4919817 4712106
1250 4921668 4712931
1251 4923019 4713849
1252 4924529 4714949
1253 4926042 4715932
1254 4927539 4717017
1255 4928765 4717849
1256 4930309 4718824
1257 4932023 4719685
1258 4933323 4720504
1259 4934743 4721603
1260 4936161 4722549
1261 4937976 4724105
1262 4939566 4725002
1263 4941033 4725883
1264 4942243 4726709
1265 4943709 4727662
1266 4945256 4728699
1267 4946399 4729517
1268 4947729 4730434
1269 4949204 4731843
1270 4950354 4732630
1271 4951997 4734000
1272 4953392 4734997
1273 4954617 4735846
1274 4956294 4737404
1275 4957792 4738436
1276 4959053 4739362
1277 4960487 4740696
1278 4961690 4742373
1279 4963706 4743695
1280 4965337 4745968
1281 4966740 4746963
1282 4968110 4747951
1283 4969917 4749067
1284 4971203 4750166
1285 4972753 4751229
1286 4974935 4754026
1287 4976398 4754962
1288 4978155 4755992
1289 4979901 4757727
1290 4981426 4758733
1291 4982950 4759664
1292 4984773 4760951
1293 4986359 4762000
1294 4987878 4762998
1295 4989148 4763876
1296 4990344 4764705
1297 4991986 4765885
1298 4993734 4767138
1299 4995375 4768195
1300 4996828 4769219
1301 4998188 4770088
1302 4999711 4771166
1303 5001176 4772209
1304 5003010 4775082
1305 5004655 4776328
1306 5006437 4777599
1307 5008138 4778719
1308 5009577 4779671
1309 5011011 4780950
1310 5012560 4786927
1311 5014356 4788832
1312 5015951 4789898
1313 5017536 4790930
1314 5019678 4792508
1315 5021664 4794464
1316 5023381 4795600
1317 5025231 4796717
1318 5026842 4797851
1319 5028478 4799041
1320 5029917 4800299
1321 5031371 4801372
1322 5033116 4802728
1323 5034631 4803751
1324 5036113 4805038
1325 5037883 4806845
1326 5039594 4808003
1327 5041052 4809053
1328 5042486 4810187
1329 5043956 4811385
1330 5045878 4813012
1331 5047428 4814472
1332 5049159 4815840
1333 5051061 4817116
1334 5052545 4818138
1335 5053988 4820293
1336 5055545 4821740
1337 5057249 4822935
1338 5058874 4823981
1339 5060375 4825184
1340 5062015 4826360
1341 5063572 4827465
1342 5065393 4828434
1343 5066999 4829722
1344 5068438 4830926
1345 5069847 4831871
1346 5071340 4832870
1347 5072654 4833808
1348 5074006 4834926
1349 5075298 4836075
1350 5076583 4837072
1351 5077944 4838475
1352 5079691 4839687
1353 5081361 4840864
1354 5082911 4842198
1355 5084600 4843399
1356 5086088 4844615
1357 5087789 4845984
1358 5089513 4847132
1359 5091325 4848760
1360 5093056 4850102
1361 5094611 4851161
1362 5096216 4852312
1363 5097927 4853498
1364 5099539 4854754
1365 5101131 4856081
1366 5102637 4857165
1367 5104503 4858495
1368 5106177 4860137
1369 5108317 4861371
1370 5109829 4862363
1371 5111895 4864530
1372 5113625 4866242
1373 5115670 4868475
1374 5117220 4870094
1375 5118955 4871545
1376 5120310 4873058
1377 5121432 4873842
1378 5122912 4875291
1379 5124125 4876195
1380 5125495 4877425
1381 5126924 4879053
1382 5128306 4880035
1383 5129697 4881103
1384 5131325 4882390
1385 5132844 4883448
1386 5134340 4884822
1387 5135935 4888359
1388 5137588 4890118
1389 5139065 4891156
1390 5140659 4892853
1391 5141948 4894011
1392 5143319 4895330
1393 5144704 4897080
1394 5146301 4898406
1395 5147934 4900029
1396 5149415 4901046
1397 5150765 4902181
1398 5152181 4903159
1399 5153873 4904034
1400 5155696 4905358
1401 5157433 4906904
1402 5159142 4908013
1403 5160601 4909073
1404 5162166 4910299
1405 5163995 4911624
1406 5165255 4912486
1407 5166837 4913895
1408 5168275 4915047
1409 5169765 4916268
1410 5171112 4917126
1411 5172418 4917977
1412 5173803 4919232
1413 5175006 4920055
1414 5176672 4921998
1415 5178456 4923070
1416 5179899 4924000
1417 5181357 4925461
1418 5182847 4926518
1419 5184175 4927438
1420 5185449 4928682
1421 5186767 4929963
1422 5188279 4931259
1423 5189562 4932316
1424 5191324 4933657
1425 5192646 4934596
1426 5194156 4936196
1427 5195581 4937555
1428 5196983 4938436
1429 5198192 4939282
1430 5199509 4940273
1431 5201542 4941472
1432 5202938 4942459
1433 5204861 4943642
1434 5206506 4944664
1435 5207954 4945669
1436 5209244 4946637
1437 5210748 4947709
1438 5212254 4949787
1439 5213669 4950875
1440 5214883 4951724
1441 5216592 4952785
1442 5217915 4953918
1443 5219572 4955455
1444 5221283 4956603
1445 5223071 4957830
1446 5224550 4958967
1447 5225795 4959916
1448 5227272 4961036
1449 5228578 4962218
1450 5230096 4963252
1451 5231374 4964196
1452 5232631 4965075
1453 5234072 4967432
1454 5235746 4969734
1455 5237241 4971266
1456 5238605 4972361
1457 5240189 4973305
1458 5241623 4974878
1459 5242763 4975671
1460 5244072 4977292
1461 5245484 4978702
1462 5246931 4980268
1463 5248213 4981752
1464 5250292 4983191
1465 5251702 4984066
1466 5252855 4984842
1467 5254359 4985998
1468 5255984 4987106
1469 5257740 4988971
1470 5259407 4991128
1471 5260790 4992496
1472 5262057 4993570
1473 5263604 4994962
1474 5264912 4995871
1475 5266224 4997045
1476 5267487 4997950
1477 5268707 4999227
1478 5270080 5001141
1479 5271245 5001976
1480 5272877 5003171
1481 5274243 5004170
1482 5275629 5005310
1483 5277381 5006377
1484 5279247 5007678
1485 5280567 5009232
1486 5282212 5010552
1487 5283867 5012746
1488 5285400 5013725
1489 5287253 5015582
1490 5288987 5016735
1491 5290853 5018056
1492 5292479 5019158
1493 5293961 5020160
1494 5295493 5021356
1495 5297193 5022629
1496 5299642 5024174
1497 5301451 5025467
1498 5307168 5027407
1499 5309092 5029126
1500 5310640 5030209
1501 5312614 5031884
1502 5314324 5032875
1503 5315659 5033775
1504 5317414 5034868
1505 5318934 5035969
1506 5320447 5037191
1507 5321878 5038192
1508 5323194 5039096
1509 5324601 5039986
1510 5326179 5041118
1511 5327768 5042325
1512 5329300 5043403
1513 5330634 5044555
1514 5332335 5045703
1515 5333554 5046648
1516 5335463 5047723
1517 5336957 5048691
1518 5338805 5049809
1519 5339923 5050591
1520 5341492 5051717
1521 5342917 5052551
1522 5344357 5053567
1523 5345513 5054450
1524 5346852 5055612
1525 5348217 5056962
1526 5349611 5057979
1527 5350968 5058875
1528 5352179 5059970
1529 5354479 5061589
1530 5356140 5062990
1531 5357993 5064033
1532 5359701 5065266
1533 5361642 5066438
1534 5363169 5067461
1535 5365052 5068601
1536 5367397 5069471
1537 5369098 5070694
1538 5370278 5071523
1539 5371779 5072785
1540 5373310 5073666
1541 5374698 5074489
1542 5376150 5075536
1543 5377720 5076472
1544 5378923 5077298
1545 5380421 5078663
1546 5381940 5079556
1547 5383799 5080999
1548 5385656 5082188
1549 5387155 5083195
1550 5388704 5084154
1551 5390066 5084991
1552 5391934 5086654
1553 5393391 5087666
1554 5394818 5088647
1555 5396472 5089610
1556 5398028 5090497
1557 5399302 5091357
1558 5400640 5092279
1559 5402315 5093561
1560 5403653 5094541
1561 5405416 5095416
1562 5407007 5096611
1563 5408624 5097590
1564 5409817 5098426
1565 5411205 5099427
1566 5412550 5100456
1567 5413870 5101404
1568 5415312 5102419
1569 5416552 5103276
1570 5417774 5104129
1571 5418828 5104888
1572 5420011 5105761
1573 5421424 5106812
1574 5422557 5107645
1575 5424387 5110072
1576 5425732 5111069
1577 5427004 5111962
1578 5428445 5113020
1579 5429782 5113904
1580 5431097 5114746
1581 5432786 5116006
1582 5434627 5117081
1583 5436114 5118036
1584 5438168 5119427
1585 5439840 5120895
1586 5441438 5121941
1587 5443173 5122993
1588 5444438 5123839
1589 5446503 5125095
1590 5448123 5126130
1591 5449810 5127041
1592 5451682 5127865
1593 5453197 5128822
1594 5454590 5129820
1595 5456053 5131039
1596 5457862 5131968
1597 5459329 5132931
1598 5460903 5134366
1599 5462366 5135306
1600 5464230 5136739
1601 5465963 5137920
1602 5467313 5138927
1603 5468588 5139983
1604 5469741 5140712
1605 5471320 5142473
1606 5473197 5143972
1607 5474960 5145091
1608 5476581 5146066
1609 5478230 5147235
1610 5480075 5148296
1611 5481860 5149485
1612 5483359 5150480
1613 5484794 5151443
1614 5486855 5152882
1615 5488310 5153862
1616 5490224 5155166
1617 5491989 5156287
1618 5493230 5157133
1619 5494416 5157956
1620 5496052 5158833
1621 5497391 5159677
1622 5498579 5160456
1623 5499832 5161277
1624 5500985 5162001
1625 5502567 5163015
1626 5503951 5164045
1627 5505078 5164855
1628 5506293 5165792
1629 5507438 5166641
1630 5508500 5167376
1631 5509811 5168535
1632 5510962 5169342
1633 5512402 5170454
1634 5513918 5171582
1635 5515281 5172572
1636 5516662 5193561
1637 5518265 5196440
1638 5519675 5198153
1639 5520928 5199945
1640 5522498 5202243
1641 5524117 5212544
1642 5525631 5214699
1643 5526947 5216345
1644 5528591 5217810
1645 5530012 5218854
1646 5531138 5219671
1647 5532158 5220415
1648 5533755 5222285
1649 5534937 5223274
1650 5536593 5225374
1651 5538116 5226754
1652 5539907 5228803
1653 5541533 5229974
1654 5543030 5231082
1655 5545067 5232882
1656 5546430 5234170
1657 5547864 5235239
1658 5549489 5236300
1659 5550680 5237141
1660 5552274 5238529
1661 5553771 5239896
1662 5555174 5240762
1663 5556366 5241650
1664 5557490 5242475
1665 5558521 5243349
1666 5559432 5244108
1667 5560965 5246330
1668 5562362 5247336
1669 5563689 5248266
1670 5565124 5249265
1671 5566440 5250232
1672 5567762 5251547
1673 5568917 5252389
1674 5570121 5253795
1675 5571522 5255285
1676 5573042 5256349
1677 5574719 5257530
1678 5576193 5258566
1679 5577490 5259498
1680 5578731 5260352
1681 5580056 5261407
1682 5581378 5262471
1683 5582580 5263299
1684 5583751 5264091
1685 5584941 5265027
1686 5586189 5266193
1687 5587618 5267548
1688 5588932 5268983
1689 5590448 5270087
1690 5591783 5271043
1691 5592974 5272209
1692 5594423 5273175
1693 5596617 5274313
1694 5597904 5275197
1695 5598893 5275936
1696 5600062 5277370
1697 5601358 5278403
1698 5602638 5279634
1699 5604312 5281466
1700 5605633 5282501
1701 5606831 5283379
1702 5608075 5284330
1703 5609363 5286879
1704 5610679 5287986
1705 5612231 5288856
1706 5613501 5289686
1707 5614814 5290925
1708 5616219 5292457
1709 5617613 5293619
1710 5618944 5294623
1711 5620172 5295461
1712 5621574 5296436
1713 5623159 5297578
1714 5624842 5299041
1715 5626202 5300071
1716 5627483 5301484
1717 5629039 5302823
1718 5630417 5303821
1719 5631699 5304940
1720 5632822 5305771
1721 5633940 5306637
1722 5635381 5307867
1723 5637082 5309378
1724 5638559 5310462
1725 5639665 5311304
1726 5640911 5312244
1727 5642009 5313078
1728 5642969 5313825
1729 5644076 5315410
1730 5645569 5316710
1731 5647389 5317734
1732 5648837 5318901
1733 5650121 5319819
1734 5651569 5320843
1735 5653034 5322075
1736 5654362 5323100
1737 5655565 5324133
1738 5656734 5325046
1739 5657847 5325881
1740 5659372 5327108
1741 5660573 5327975
1742 5661734 5328885
1743 5662617 5329561
1744 5664297 5331963
1745 5665925 5333263
1746 5667476 5334601
1747 5668494 5335354
1748 5669915 5337092
1749 5671487 5338367
1750 5673063 5339484
1751 5674363 5341807
1752 5675754 5342911
1753 5676916 5343783
1754 5678174 5344833
1755 5679802 5346306
1756 5681443 5347504
1757 5683014 5348606
1758 5684373 5349567
1759 5685561 5350473
1760 5687011 5352016
1761 5688108 5352810
1762 5689393 5353685
1763 5690925 5355724
1764 5692348 5356874
1765 5693946 5357796
1766 5695418 5359737
1767 5696974 5360681
1768 5699121 5361638
1769 5700756 5362974
1770 5702238 5364068
1771 5703618 5365178
1772 5705061 5366655
1773 5706571 5368049
1774 5707976 5369009
1775 5709386 5370243
1776 5710739 5371287
1777 5712339 5372294
1778 5714354 5374308
1779 5715842 5375292
1780 5717627 5376476
1781 5719022 5377532
1782 5721511 5378678
1783 5723053 5379754
1784 5724258 5380621
1785 5725593 5381803
1786 5727040 5382955
1787 5729054 5384477
1788 5730493 5385401
1789 5731696 5386284
1790 5733109 5387208
1791 5734840 5388053
1792 5737156 5390235
1793 5738661 5391173
1794 5740306 5392731
1795 5742273 5393822
1796 5744198 5394904
1797 5746592 5396011
1798 5748189 5397310
1799 5749587 5398475
1800 5751389 5399495
1801 5752795 5400469
1802 5754202 5401392
1803 5755593 5402364
1804 5756995 5403570
1805 5758300 5404519
1806 5759438 5405383
1807 5760726 5406313
1808 5761880 5407150
1809 5763085 5408619
1810 5764860 5410417
1811 5766331 5411492
1812 5768009 5413050
1813 5769545 5414126
1814 5770776 5415007
1815 5772147 5416084
1816 5773701 5417421
1817 5775268 5418812
1818 5776872 5420102
1819 5779118 5421838
1820 5780603 5422910
1821 5782097 5423946
1822 5783820 5425149
1823 5785625 5426033
1824 5787389 5427091
1825 5788803 5428126
1826 5790775 5429406
1827 5792675 5430562
1828 5794661 5431571
1829 5796341 5432527
1830 5798552 5433374
1831 5799837 5434295
1832 5801246 5435309
1833 5802803 5436129
1834 5804599 5437084
1835 5806052 5438155
1836 5807499 5439123
1837 5808736 5439974
1838 5810220 5440936
1839 5811422 5441793
1840 5813723 5443192
1841 5815617 5444338
1842 5816770 5445202
1843 5818951 5446540
1844 5820888 5447660
1845 5822549 5448773
1846 5824108 5449663
1847 5825952 5450617
1848 5827585 5451530
1849 5828719 5452355
1850 5829868 5453094
1851 5832326 5455802
1852 5834676 5457337
1853 5836785 5458527
1854 5838279 5459383
1855 5839975 5460431
1856 5841722 5462000
1857 5843774 5463111
1858 5845482 5464124
1859 5846918 5465341
1860 5848289 5466691
1861 5849668 5467780
1862 5851123 5468834
1863 5852391 5469757
1864 5853630 5470600
1865 5854927 5471598
1866 5856489 5472476
1867 5858002 5473488
1868 5859198 5474292
1869 5861230 5475528
1870 5862517 5476412
1871 5864135 5477611
1872 5865362 5478501
1873 5866577 5479417
1874 5867980 5480409
1875 5869116 5481236
1876 5870698 5482301
1877 5871937 5483438
1878 5873080 5484324
1879 5874398 5485610
1880 5876223 5487153
1881 5877684 5488086
1882 5879004 5489225
1883 5880336 5490186
1884 5881701 5490994
1885 5883198 5491855
1886 5884127 5492571
1887 5885567 5494683
1888 5887353 5495538
1889 5889505 5496672
1890 5891970 5497909
1891 5901234 5499025
1892 5904242 5500026
1893 5906861 5501331
1894 5908596 5502199
1895 5910300 5503097
1896 5912314 5504203
1897 5914890 5505365
1898 5917387 5506456
1899 5919453 5507431
1900 5921647 5508873
1901 5924158 5510015
1902 5926088 5510955
1903 5928237 5511896
1904 5930643 5512867
1905 5933371 5513752
1906 5935442 5515007
1907 5937113 5516123
1908 5938835 5517243
1909 5940506 5518143
1910 5942785 5519110
1911 5944453 5519917
1912 5945818 5520722
1913 5947406 5521825
1914 5948940 5522910
1915 5950718 5523923
1916 5952536 5525432
1917 5955239 5526828
1918 5957118 5527898
1919 5959337 5528884
1920 5960700 5529825
1921 5962196 5530628
1922 5963954 5531863
1923 5966236 5533110
1924 5967886 5534044
1925 5970257 5535512
1926 5972752 5536518
1927 5975332 5537664
1928 5977389 5538588
1929 5979392 5539456
1930 5980673 5540280
1931 5982638 5541335
1932 5986699 5542576
1933 5989278 5543966
1934 5991361 5544887
1935 5992636 5545697
1936 5995845 5546983
1937 5997930 5547850
1938 5999597 5548668
1939 6001058 5550007
1940 6002399 5550946
1941 6004347 5551867
1942 6006735 5552820
1943 6008157 5553654
1944 6009618 5554632
1945 6011172 5555504
1946 6012383 5556268
1947 6015307 5557824
1948 6017097 5559083
1949 6018122 5559800
1950 6020125 5560946
1951 6021488 5561850
1952 6023140 5562810
1953 6025243 5563900
1954 6026988 5564843
1955 6028274 5565723
1956 6030569 5566683
1957 6032907 5567829
1958 6035118 5568654
1959 6037018 5569558
1960 6038536 5570329
1961 6040171 5571531
1962 6041966 5572494
1963 6043605 5573516
1964 6045220 5574532
1965 6046848 5575352
1966 6049406 5576828
1967 6051656 5577905
1968 6053411 5578993
1969 6055389 5579898
1970 6056932 5580742
1971 6058469 5581642
1972 6059902 5582591
1973 6061135 5583467
1974 6062765 5584313
1975 6064643 5585251
1976 6066103 5586133
1977 6068058 5587277
1978 6070058 5588173
1979 6071816 5589006
1980 6073556 5590046
1981 6074928 5590924
1982 6076382 5591766
1983 6078127 5592716
1984 6079584 5593575
1985 6081312 5594760
1986 6083331 5595901
1987 6085045 5596744
1988 6086377 5597583
1989 6088094 5598565
1990 6089379 5599413
1991 6090670 5600299
1992 6092398 5601299
1993 6093983 5602155
1994 6095755 5603228
1995 6097483 5604223
1996 6099467 5605200
1997 6101196 5606131
1998 6102665 5606890
1999 6106909 5607950
2000 6110197 5608952
2001 6112812 5610069
2002 6114832 5610975
2003 6117099 5611911
2004 6119142 5612878
2005 6121436 5613811
2006 6123581 5614866
2007 6125487 5615711
2008 6127299 5616794
2009 6128656 5617636
2010 6130157 5618434
2011 6131625 5619271
2012 6133115 5620110
2013 6134580 5620972
2014 6137412 5621924
2015 6139379 5622852
2016 6141257 5623943
2017 6142894 5624854
2018 6144116 5625689
2019 6146048 5626593
2020 6148129 5627732
2021 6150032 5628805
2022 6151618 5629663
2023 6153111 5630632
2024 6154370 5631457
2025 6155814 5632361
2026 6157092 5633198
2027 6158369 5634074
2028 6159575 5634854
2029 6161069 5635679
2030 6162548 5637026
2031 6163954 5638025
2032 6165597 5638869
2033 6167772 5639858
2034 6169468 5640866
2035 6171677 5641825
2036 6173740 5642996
2037 6175224 5643876
2038 6176777 5644736
2039 6178754 5645637
2040 6179930 5646452
2041 6181243 5647359
2042 6183900 5648418
2043 6186017 5649421
2044 6187684 5650392
2045 6189003 5651190
2046 6190368 5652212
2047 6191770 5653153
2048 6193740 5654295
2049 6195213 5655107
2050 6196282 5655887
2051 6198594 5656835
2052 6200271 5657866
2053 6202647 5658775
2054 6204721 5659758
2055 6206709 5660961
2056 6208043 5661881
2057 6209539 5662750
2058 6211589 5663611
2059 6213213 5664563
2060 6214575 5665507
2061 6216009 5666360
2062 6217105 5667177
2063 6218189 5668003
2064 6219701 5668893
2065 6221097 5669844
2066 6222181 5670859
2067 6223329 5671715
2068 6224246 5672472
2069 6225992 5673744
2070 6227192 5674561
2071 6228615 5675545
2072 6229890 5676466
2073 6231246 5677462
2074 6232382 5678305
2075 6233979 5679398
2076 6235319 5680399
2077 6236653 5681350
2078 6237964 5682309
2079 6239144 5683136
2080 6240585 5684124
2081 6241803 5684958
2082 6242964 5685797
2083 6244347 5686980
2084 6245600 5687856
2085 6246850 5688819
2086 6248146 5689743
2087 6249359 5690596
2088 6250676 5691665
2089 6252357 5692565
2090 6253666 5693426
2091 6255315 5694618
2092 6257277 5695714
2093 6258599 5696544
2094 6259717 5697367
2095 6260765 5698141
2096 6261945 5699192
2097 6263388 5700666
2098 6264412 5701439
2099 6265834 5702300
2100 6266898 5703111
2101 6268212 5704096
2102 6269861 5705145
2103 6271371 5706397
2104 6272403 5707110
2105 6275235 5708340
2106 6276874 5709239
2107 6278630 5710477
2108 6280031 5711467
2109 6281374 5712453
2110 6282504 5713291
2111 6283782 5714236
2112 6285047 5715185
2113 6286288 5716120
2114 6287688 5717115
2115 6289340 5718488
2116 6290585 5719512
2117 6291819 5720409
2118 6292964 5721312
2119 6294483 5722486
2120 6295876 5723334
2121 6296925 5724145
2122 6298115 5725092
2123 6299244 5725947
2124 6300552 5726934
2125 6301705 5727849
2126 6303031 5728845
2127 6304218 5729790
2128 6305563 5730834
2129 6306664 5731648
2130 6308110 5732785
2131 6309419 5733743
2132 6310833 5734645
2133 6312061 5735550
2134 6313134 5736359
2135 6314284 5737138
2136 6315350 5737951
2137 6316599 5738863
2138 6317695 5739753
2139 6319150 5740653
2140 6320273 5741483
2141 6321316 5742316
2142 6322487 5743230
2143 6323623 5744100
2144 6324791 5745006
2145 6325836 5745830
2146 6327375 5747740
2147 6329253 5749332
2148 6330723 5750510
2149 6332087 5751506
2150 6333414 5752611
2151 6334548 5753610
2152 6335855 5754724
2153 6336965 5755672
2154 6338013 5756645
2155 6339510 5758311
2156 6340871 5759386
2157 6342129 5760647
2158 6343282 5761500
2159 6344450 5762641
2160 6345510 5763440
2161 6346807 5764617
2162 6347972 5765536
2163 6349269 5766713
2164 6350257 5767468
2165 6351433 5768322
2166 6352672 5769411
2167 6353778 5770420
2168 6354813 5771199
2169 6356450 5772369
2170 6357602 5773236
2171 6358946 5774375
2172 6360521 5775208
2173 6362841 5776723
2174 6364256 5777678
2175 6366518 5779250
2176 6367795 5780180
2177 6369604 5781607
2178 6371021 5782842
2179 6372498 5783632
2180 6373520 5784331
2181 6375234 5786200
2182 6376641 5787093
2183 6377737 5787884
2184 6378809 5788627
2185 6380429 5792650
2186 6381839 5794093
2187 6384016 5796584
2188 6385561 5797887
2189 6386974 5798883
2190 6388653 5801784
2191 6389905 5803421
2192 6391702 5806719
2193 6393682 5810498
2194 6395309 5812974
2195 6396830 5814199
2196 6398356 5815268
2197 6399739 5816520
2198 6401195 5817561
2199 6402673 5818489
2200 6404393 5819725
2201 6406401 5821040
2202 6408056 5822713
2203 6409905 5824552
2204 6411517 5825751
2205 6413071 5826984
2206 6414610 5827980
2207 6416170 5829441
2208 6417794 5830817
2209 6418971 5831773
2210 6420420 5833234
2211 6422100 5834527
2212 6423684 5835988
2213 6425083 5836991
2214 6426742 5839620
2215 6428385 5841194
2216 6429902 5842412
2217 6431689 5843767
2218 6433333 5845371
2219 6434848 5846686
2220 6436423 5848041
2221 6438071 5849270
2222 6439361 5850209
2223 6441043 5851520
2224 6442481 5852583
2225 6443851 5853721
2226 6445497 5855398
2227 6447302 5857077
2228 6449039 5858396
2229 6450401 5859345
2230 6451834 5860915
2231 6453394 5861987
2232 6454864 5863077
2233 6456133 5864008
2234 6457399 5864932
2235 6458580 5865768
2236 6460126 5867016
2237 6461713 5867979
2238 6462672 5868695
2239 6464217 5870573
2240 6465846 5872380
2241 6467237 5873545
2242 6469180 5875317
2243 6471329 5876931
2244 6472622 5877862
2245 6474307 5878977
2246 6475884 5879954
2247 6477449 5881007
2248 6478742 5881901
2249 6480450 5883320
2250 6482592 5884899
2251 6484820 5886289
2252 6486318 5887369
2253 6488000 5888869
2254 6490339 5889950
2255 6492250 5891364
2256 6493921 5892513
2257 6495407 5893435
2258 6496601 5894287
2259 6498193 5895786
2260 6499203 5896556
2261 6500704 5897336
2262 6501632 5898047
2263 6502960 5899079
2264 6504419 5900136
2265 6505776 5901111
2266 6506677 5901809
2267 6507677 5902802
2268 6508507 5903479
2269 6510075 5905598
2270 6511193 5906846
2271 6512546 5908246
2272 6513867 5909417
2273 6515366 5910695
2274 6516916 5911739
2275 6518105 5912556
2276 6519787 5913771
2277 6521303 5914769
2278 6522350 5915593
2279 6523956 5916606
2280 6525413 5917859
2281 6527054 5918908
2282 6528029 5919702
2283 6529093 5920515
2284 6530331 5922547
2285 6531975 5923849
2286 6533155 5924713
2287 6534327 5925607
2288 6535902 5926520
2289 6537495 5927920
2290 6538758 5928814
2291 6540031 5929796
2292 6541428 5930751
2293 6542591 5931589
2294 6543822 5932481
2295 6545096 5933483
2296 6546219 5934291
2297 6547353 5935275
2298 6549625 5936921
2299 6550987 5937916
2300 6552381 5938925
2301 6553738 5940009
2302 6555269 5941234
2303 6557294 5942410
2304 6558631 5943406
2305 6559873 5944272
2306 6561140 5945306
2307 6562255 5946151
2308 6563836 5947337
2309 6565358 5949065
2310 6567102 5950481
2311 6568414 5951399
2312 6569841 5952437
2313 6571117 5953440
2314 6572252 5954355
2315 6573540 5955302
2316 6574621 5956128
2317 6576399 5957798
2318 6577664 5958711
2319 6578845 5959570
2320 6580013 5960518
2321 6581298 5961573
2322 6582485 5962440
2323 6583480 5963251
2324 6585098 5964592
2325 6585976 5965346
2326 6587501 5967130
2327 6588754 5968060
2328 6589774 5968839
2329 6591112 5969849
2330 6592427 5970845
2331 6593431 5971631
2332 6594497 5972487
2333 6595747 5973712
2334 6596708 5974501
2335 6597735 5975385
2336 6599152 5976576
2337 6600180 5977400
2338 6601363 5978306
2339 6602595 5979272
2340 6603600 5980098
2341 6604554 5980863
2342 6605753 5982624
2343 6607126 5983579
2344 6608559 5985226
2345 6610305 5986076
2346 6611952 5987141
2347 6613716 5988696
2348 6615236 5989759
2349 6617086 5990938
2350 6618631 5992051
2351 6619789 5992969
2352 6621212 5994087
2353 6622275 5994896
2354 6623934 5996329
2355 6625144 5997221
2356 6626443 5998580
2357 6627966 5999538
2358 6629125 6000386
2359 6630361 6001204
2360 6631478 6002025
2361 6632640 6002834
2362 6633724 6003835
2363 6635023 6004961
2364 6636257 6005960
2365 6637589 6007010
2366 6638723 6007946
2367 6639780 6008768
2368 6640891 6009680
2369 6642126 6010653
2370 6643293 6011850
2371 6644814 6012948
2372 6646212 6014229
2373 6647644 6015690
2374 6649049 6016660
2375 6650366 6017690
2376 6651498 6018552
2377 6652600 6019417
2378 6653762 6020239
2379 6655080 6021614
2380 6656320 6022536
2381 6657701 6023768
2382 6658862 6024645
2383 6659970 6025493
2384 6661371 6026526
2385 6662639 6027431
2386 6663772 6028287
2387 6665076 6029215
2388 6666256 6030532
2389 6667772 6031649
2390 6669420 6032756
2391 6670786 6033772
2392 6671829 6034558
2393 6672702 6035248
2394 6673962 6037372
2395 6675562 6038547
2396 6676907 6039665
2397 6678102 6040536
2398 6679679 6041491
2399 6680963 6042429
2400 6682229 6043320
2401 6683639 6044512
2402 6685009 6045409
2403 6686184 6046229
2404 6687378 6047101
2405 6688570 6048149
2406 6689872 6049112
2407 6691055 6049963
2408 6692171 6050804
2409 6693229 6051582
2410 6694793 6053313
2411 6696065 6054424
2412 6697457 6055419
2413 6698601 6056244
2414 6699717 6057053
2415 6700847 6058273
2416 6702133 6059309
2417 6703498 6060289
2418 6704682 6061090
2419 6706003 6062209
2420 6707326 6063170
2421 6708742 6064146
2422 6709986 6064984
2423 6711003 6065733
2424 6712270 6066913
2425 6713639 6067974
2426 6714710 6068801
2427 6715876 6069707
2428 6717011 6070578
2429 6718430 6071547
2430 6719506 6072397
2431 6732578 6073953
2432 6733971 6074888
2433 6735313 6076090
2434 6736393 6076906
2435 6738165 6077710
2436 6739596 6078743
2437 6741117 6079666
2438 6742266 6080464
2439 6743546 6081339
2440 6744672 6082291
2441 6746126 6083266
2442 6747050 6084020
2443 6748456 6084829
2444 6749336 6085538
2445 6750908 6087922
2446 6752219 6088846
2447 6753826 6090036
2448 6755079 6090917
2449 6756324 6092008
2450 6758063 6093378
2451 6759740 6094358
2452 6761665 6095833
2453 6762986 6096843
2454 6764148 6097721
2455 6765911 6099707
2456 6767242 6100871
2457 6768661 6102251
2458 6770021 6103157
2459 6771195 6104033
2460 6772659 6105100
2461 6774031 6106214
2462 6775337 6107087
2463 6776523 6108341
2464 6777806 6109259
2465 6779021 6110339
2466 6780551 6111164
2467 6781803 6112331
2468 6783032 6113261
2469 6784183 6114119
2470 6785329 6115240
2471 6786576 6116188
2472 6787749 6117198
2473 6788894 6118082
2474 6790466 6119310
2475 6791785 6120366
2476 6792935 6121239
2477 6794068 6122347
2478 6795347 6123456
2479 6796517 6124327
2480 6798018 6125508
2481 6799175 6126418
2482 6801085 6127500
2483 6802397 6128501
2484 6803591 6129424
2485 6804935 6130260
2486 6806279 6131905
2487 6807691 6133081
2488 6808828 6133902
2489 6810325 6134992
2490 6811899 6136659
2491 6813296 6137602
2492 6814531 6138461
2493 6815762 6139364
2494 6817158 6140371
2495 6818673 6141534
2496 6820162 6142553
2497 6821697 6143991
2498 6822847 6144813
2499 6824230 6145787
2500 6825387 6146625
2501 6826680 6147690
2502 6827838 6148484
2503 6829035 6149381
2504 6830254 6150261
2505 6831411 6151072
2506 6832658 6152312
2507 6833799 6153120
2508 6835158 6154086
2509 6836155 6154866
2510 6837821 6156207
2511 6838937 6157081
2512 6839882 6157784
2513 6841078 6158811
2514 6842274 6160431
2515 6843400 6161271
2516 6844931 6162445
2517 6846069 6163417
2518 6847070 6164340
2519 6848184 6165556
2520 6849425 6166468
2521 6850708 6167421
2522 6851881 6168477
2523 6852924 6169276
2524 6854198 6171530
2525 6855362 6172883
2526 6856685 6173969
2527 6858274 6174788
2528 6859518 6175874
2529 6860748 6176857
2530 6861853 6178190
2531 6862900 6179030
2532 6864071 6180196
2533 6865009 6180946
2534 6866210 6182326
2535 6867412 6183617
2536 6869252 6185303
2537 6871577 6186430
2538 6873294 6187744
2539 6874845 6188780
2540 6876691 6189675
2541 6878072 6191281
2542 6879980 6193135
2543 6881223 6194142
2544 6882280 6195115
2545 6883836 6197796
2546 6885322 6198798
2547 6886662 6199613
2548 6888129 6200730
2549 6889491 6201931
2550 6890808 6202829
2551 6892158 6203975
2552 6893202 6204805
2553 6894383 6205720
2554 6895647 6207141
2555 6897103 6208522
2556 6898273 6209642
2557 6899278 6210485
2558 6900197 6211302
2559 6901382 6212903
2560 6903420 6213738
2561 6904733 6214566
2562 6905709 6215920
2563 6906929 6217498
2564 6907949 6218658
2565 6908938 6219616
2566 6910424 6224096
2567 6911538 6225515
2568 6912885 6227164
2569 6914120 6228144
2570 6915205 6229003
2571 6916958 6230357
2572 6918063 6231128
2573 6919380 6232100
2574 6920339 6232869
2575 6921436 6233757
2576 6922722 6234573
2577 6924190 6240142
2578 6925749 6260293
2579 6927110 6261720
2580 6928516 6263563
2581 6929712 6264635
2582 6931601 6265931
2583 6932919 6267484
2584 6934225 6268313
2585 6935285 6269176
2586 6936296 6269930
2587 6937943 6271119
2588 6939538 6272126
2589 6940880 6273089
2590 6942048 6273979
2591 6943352 6275278
2592 6944437 6276044
2593 6945571 6276915
2594 6946824 6278049
2595 6948008 6279033
2596 6949249 6280087
2597 6950267 6280874
2598 6951534 6281881
2599 6953107 6283484
2600 6954207 6284308
2601 6955377 6285279
2602 6956494 6286247
2603 6957578 6287074
2604 6958840 6289039
2605 6959946 6289793
2606 6961578 6291450
2607 6963165 6292550
2608 6964341 6293349
2609 6965588 6294172
2610 6967024 6295198
2611 6968173 6295992
2612 6969538 6296868
2613 6970812 6297772
2614 6972402 6299896
2615 6973819 6300944
2616 6975421 6302265
2617 6976937 6303271
2618 6978780 6304679
2619 6980640 6306225
2620 6981993 6307101
2621 6983849 6308324
2622 6986222 6309404
2623 6987783 6310363
2624 6989049 6311160
2625 6990589 6312137
2626 6991908 6313015
2627 6993269 6314099
2628 6994505 6314918
2629 6995933 6316282
2630 6997844 6317724
2631 6999365 6318692
2632 7000715 6319615
2633 7002258 6320949
2634 7003680 6321923
2635 7005186 6322847
2636 7006357 6323655
2637 7007749 6324728
2638 7009150 6325806
2639 7010311 6326599
2640 7011628 6327626
2641 7012928 6328523
2642 7014168 6329366
2643 7015572 6330352
2644 7017188 6331614
2645 7018511 6332561
2646 7019568 6333325
2647 7020659 6334112
2648 7021964 6335272
2649 7023357 6336573
2650 7024654 6337650
2651 7026068 6338643
2652 7027161 6339413
2653 7028359 6340259
2654 7029671 6341415
2655 7030738 6342192
2656 7031865 6342960
2657 7032954 6343727
2658 7034500 6344692
2659 7036291 6345667
2660 7038037 6346686
2661 7039485 6349886
2662 7040857 6351707
2663 7042115 6353277
2664 7043404 6355259
2665 7044542 6365506
2666 7045620 6367075
2667 7046769 6369944
2668 7047726 6370891
2669 7048727 6371720
2670 7049801 6372658
2671 7051074 6374622
2672 7052041 6375383
2673 7053244 6376649
2674 7054554 6378018
2675 7055791 6379273
2676 7057147 6380285
2677 7058601 6381486
2678 7059827 6383264
2679 7060948 6384212
2680 7062414 6385805
2681 7064392 6387426
2682 7065429 6388904
2683 7066803 6390272
2684 7067945 6391089
2685 7068903 6391860
2686 7069990 6393089
2687 7071133 6394002
2688 7072229 6395163
2689 7073232 6396037
2690 7074642 6397888
2691 7076122 6399233
2692 7077554 6403441
2693 7078952 6404710
2694 7080282 6405827
2695 7081510 6406782
2696 7082494 6407956
2697 7083711 6409870
2698 7084816 6411100
2699 7085849 6411964
2700 7087000 6413050
2701 7088066 6415590
2702 7089188 6416606
2703 7090647 6418255
2704 7092049 6419336
2705 7093410 6420516
2706 7094606 6421405
2707 7095885 6422385
2708 7096894 6423276
2709 7098744 6424663
2710 7099916 6425516
2711 7101202 6426764
2712 7102505 6428174
2713 7104029 6429580
2714 7105085 6430392
2715 7106203 6431272
2716 7107276 6432054
2717 7108551 6433365
2718 7109596 6434153
2719 7110707 6435017
2720 7111941 6436008
2721 7112968 6436814
2722 7114211 6438414
2723 7115484 6439303
2724 7116579 6440340
2725 7117592 6441225
2726 7118804 6442454
2727 7119972 6443729
2728 7121026 6444709
2729 7122113 6445559
2730 7123223 6446677
2731 7124420 6447610
2732 7125566 6448681
2733 7126635 6449512
2734 7127751 6450448
2735 7128777 6451417
2736 7129677 6452246
2737 7130919 6453204
2738 7131921 6454557
2739 7136649 6456279
2740 7137961 6457485
2741 7139430 6459536
2742 7140600 6460282
2743 7141634 6461674
2744 7143353 6462979
2745 7144698 6463900
2746 7145898 6464780
2747 7146926 6465549
2748 7148485 6466915
2749 7149485 6467913
2750 7150868 6469072
2751 7152184 6469961
2752 7153163 6470748
2753 7154104 6471460
2754 7157835 6472309
2755 7160299 6473206
2756 7162889 6474206
2757 7164943 6475123
2758 7166893 6476099
2759 7169624 6477122
2760 7172296 6478090
2761 7173664 6478854
2762 7175262 6480414
2763 7176686 6481311
2764 7177931 6482659
2765 7179102 6483551
2766 7182397 6484768
2767 7185081 6486085
2768 7186358 6487007
2769 7187574 6487865
2770 7188993 6489410
2771 7190190 6490286
2772 7191300 6491049
2773 7192579 6491987
2774 7193886 6493623
2775 7195194 6494491
2776 7196669 6495842
2777 7197941 6496786
2778 7199750 6498498
2779 7200895 6499353
2780 7201944 6500143
2781 7202932 6500898
2782 7205188 6502729
2783 7206577 6503956
2784 7207668 6504846
2785 7208998 6505974
2786 7210073 6506864
2787 7211134 6507691
2788 7212132 6508500
2789 7213491 6509534
2790 7214594 6510744
2791 7215683 6511585
2792 7217010 6512523
2793 7218210 6513457
2794 7219218 6514228
2795 7220404 6515382
2796 7221859 6516298
2797 7222911 6517107
2798 7223910 6517864
2799 7224873 6518631
2800 7225915 6519430
2801 7226988 6520298
2802 7227989 6521062
2803 7228842 6521818
2804 7230597 6524193
2805 7232118 6525235
2806 7233305 6526076
2807 7234487 6526886
2808 7236208 6529331
2809 7237822 6530770
2810 7239388 6531879
2811 7240878 6532901
2812 7242313 6534267
2813 7243914 6535868
2814 7245881 6536907
2815 7248255 6538242
2816 7250321 6539480
2817 7252065 6540833
2818 7254100 6542228
2819 7255437 6543116
2820 7256877 6544030
2821 7258579 6545255
2822 7259983 6546198
2823 7261555 6547649
2824 7263430 6548816
2825 7265086 6550009
2826 7266508 6551073
2827 7268100 6552166
2828 7271469 6553689
2829 7273454 6554557
2830 7275721 6555443
2831 7277894 6557168
2832 7279952 6558884
2833 7282326 6559958
2834 7283528 6560964
2835 7284806 6561976
2836 7286404 6562942
2837 7287597 6563787
2838 7288986 6564795
2839 7290363 6565950
2840 7291630 6566870
2841 7293345 6568268
2842 7294683 6569407
2843 7296186 6570334
2844 7297658 6572266
2845 7299178 6573674
2846 7300541 6575426
2847 7302388 6576810
2848 7303910 6577727
2849 7305314 6578681
2850 7306406 6579620
2851 7307424 6580367
2852 7308750 6582226
2853 7310103 6583581
2854 7311724 6585193
2855 7313212 6586474
2856 7314694 6587794
2857 7316304 6590424
2858 7317856 6591439
2859 7319443 6592706
2860 7320891 6593653
2861 7322923 6595673
2862 7324727 6596984
2863 7326392 6598102
2864 7327750 6599006
2865 7329311 6600642
2866 7330797 6601686
2867 7332192 6602933
2868 7333776 6603994
2869 7335185 6604924
2870 7336699 6606026
2871 7338027 6607056
2872 7339459 6608754
2873 7341050 6610272
2874 7342376 6611180
2875 7343986 6612674
2876 7345461 6613987
2877 7346894 6615289
2878 7348125 6616205
2879 7349470 6617161
2880 7351357 6618489
2881 7352819 6619541
2882 7354074 6620355
2883 7355308 6624230
2884 7356819 6626118
2885 7357866 6627055
2886 7359409 6628383
2887 7360643 6629112
2888 7361887 6630539
2889 7363487 6631808
2890 7364911 6632867
2891 7366248 6634144
2892 7367659 6635379
2893 7368604 6636084
2894 7369750 6637373
2895 7370796 6638197
2896 7372408 6639490
2897 7373703 6640517
2898 7375832 6641795
2899 7377911 6642697
2900 7380528 6643525
2901 7382712 6644443
2902 7383926 6645658
2903 7385402 6646506
2904 7386464 6647335
2905 7387435 6648096
2906 7388683 6649475
2907 7389937 6650375
2908 7390949 6651168
2909 7392051 6652328
2910 7393112 6653199
2911 7394385 6654842
2912 7395304 6655805
2913 7396350 6656730
2914 7397429 6657609
2915 7398409 6658342
2916 7399446 6659136
2917 7400407 6659905
2918 7401495 6660794
2919 7402488 6661601
2920 7403942 6662647
2921 7405139 6663545
2922 7406102 6664300
2923 7406984 6665017
2924 7407933 6666095
2925 7408693 6666783
2926 7410437 6669473
2927 7411648 6671033
2928 7412977 6671949
2929 7414504 6673096
2930 7415596 6674074
2931 7416813 6675160
2932 7418194 6676228
2933 7420104 6677364
2934 7421339 6678229
2935 7422762 6679229
2936 7424085 6680236
2937 7425167 6681033
2938 7426273 6682002
2939 7427376 6682783
2940 7428422 6683686
2941 7429422 6684431
2942 7430992 6685659
2943 7432264 6686925
2944 7433204 6687688
2945 7434187 6689492
2946 7435624 6691081
2947 7436704 6691852
2948 7437829 6692959
2949 7438940 6693884
2950 7440019 6694699
2951 7441152 6696110
2952 7442324 6697379
2953 7443419 6698202
2954 7444494 6699025
2955 7445552 6700282
2956 7446802 6701214
2957 7447980 6702087
2958 7449371 6703213
2959 7450687 6704529
2960 7451727 6705351
2961 7452902 6706587
2962 7454033 6707394
2963 7455384 6708312
2964 7456352 6709093
2965 7457571 6709983
2966 7458913 6711920
2967 7460100 6712762
2968 7461484 6714129
2969 7463009 6715470
2970 7464286 6716370
2971 7465500 6717312
2972 7466989 6718781
2973 7468380 6719798
2974 7469584 6720755
2975 7471059 6721723
2976 7472176 6722778
2977 7473305 6723601
2978 7474753 6724486
2979 7475852 6725293
2980 7477043 6726205
2981 7478268 6726995
2982 7479374 6727776
2983 7480460 6728659
2984 7482377 6729817
2985 7483837 6730823
2986 7485106 6731986
2987 7486377 6733134
2988 7487507 6733968
2989 7488551 6734756
2990 7489527 6735513
2991 7490550 6736296
2992 7491695 6737185
2993 7492760 6738023
2994 7493626 6738693
2995 7495201 6740690
2996 7496697 6742221
2997 7498241 6743474
2998 7499736 6744471
2999 7501222 6745708
3000 7502823 6746814
3001 7504178 6748025
3002 7505486 6749147
3003 7506772 6750422
3004 7507992 6752189
3005 7510204 6758438
3006 7512056 6760012
3007 7513721 6761574
3008 7515352 6763557
3009 7517246 6767041
3010 7518761 6769039
3011 7520450 6773198
3012 7522052 6774682
3013 7523990 6776514
3014 7525788 6777861
3015 7527559 6779488
3016 7529441 6781237
3017 7531329 6782867
3018 7533554 6784103
3019 7535179 6785162
3020 7536977 6786721
3021 7538520 6788044
3022 7540120 6789118
3023 7541715 6790399
3024 7543311 6791459
3025 7545167 6792779
3026 7546825 6794259
3027 7548299 6795455
3028 7549934 6796583
3029 7551518 6797761
3030 7552961 6798762
3031 7554521 6799870
3032 7556034 6801039
3033 7557508 6802066
3034 7558933 6803582
3035 7560383 6804590
3036 7561725 6805983
3037 7563391 6807527
3038 7564921 6808564
3039 7566493 6810425
3040 7567998 6811475
3041 7569558 6812503
3042 7571220 6813650
3043 7572702 6814715
3044 7574248 6815747
3045 7575802 6817004
3046 7577269 6818280
3047 7578874 6819595
3048 7580438 6820674
3049 7582483 6821707
3050 7584060 6822752
3051 7585582 6823815
3052 7586743 6824699
3053 7587975 6825775
3054 7589315 6827083
3055 7590872 6828508
3056 7592215 6829539
3057 7593859 6830551
3058 7595015 6831429
3059 7596542 6832710
3060 7597900 6833782
3061 7599335 6834881
3062 7600809 6835939
3063 7601966 6836830
3064 7603072 6837646
3065 7604090 6838456
3066 7605024 6839211
3067 7606091 6840060
3068 7607013 6840793
3069 7607994 6841570
3070 7609237 6842597
3071 7610429 6843536
3072 7611798 6846143
3073 7613143 6847175
3074 7614755 6848156
3075 7616411 6849255
3076 7619113 6850577
3077 7621235 6851710
3078 7622702 6852802
3079 7624066 6853872
3080 7625353 6854784
3081 7626834 6856281
3082 7628300 6857542
3083 7629888 6858717
3084 7631619 6860178
3085 7633143 6861287
3086 7634535 6862431
3087 7635914 6863426
3088 7637233 6864370
3089 7638795 6865821
3090 7640287 6866918
3091 7642143 6868011
3092 7643610 6868972
3093 7644968 6869889
3094 7646315 6870807
3095 7647669 6871744
3096 7649014 6872682
3097 7650436 6873891
3098 7651723 6874901
3099 7653044 6875915
3100 7654560 6877547
3101 7655947 6878489
3102 7657393 6879786
3103 7659268 6881459
3104 7660998 6882788
3105 7662249 6883825
3106 7664644 6884901
3107 7666559 6885833
3108 7668145 6886793
3109 7669685 6887741
3110 7671618 6888638
3111 7674572 6890479
3112 7676648 6891882
3113 7678467 6893237
3114 7679789 6894132
3115 7681342 6895938
3116 7682650 6896926
3117 7684440 6897980
3118 7685596 6899104
3119 7687465 6900108
3120 7689110 6901003
3121 7691317 6902120
3122 7692597 6903413
3123 7694179 6904293
3124 7695931 6905517
3125 7697458 6906707
3126 7698907 6907948
3127 7700959 6908912
3128 7703277 6909932
3129 7705402 6910959
3130 7706945 6911844
3131 7709197 6913006
3132 7711085 6913906
3133 7713356 6914675
3134 7716302 6915605
3135 7717610 6916351
3136 7720134 6917555
3137 7721533 6918504
3138 7723152 6919802
3139 7724273 6920722
3140 7725272 6921817
3141 7726518 6924331
3142 7727641 6925627
3143 7728835 6926983
3144 7730373 6928043
3145 7731591 6928966
3146 7732907 6930007
3147 7734070 6930867
3148 7735070 6931633
3149 7736359 6932871
3150 7737330 6933614
3151 7738423 6934577
3152 7739394 6935339
3153 7740254 6936059
3154 7741477 6937565
3155 7742944 6939068
3156 7744007 6939817
3157 7745245 6941062
3158 7746588 6942339
3159 7747884 6943423
3160 7748964 6944255
3161 7749976 6945090
3162 7751104 6945978
3163 7752493 6947392
3164 7753862 6948525
3165 7754987 6949493
3166 7755960 6950262
3167 7757083 6951154
3168 7758124 6951983
3169 7759095 6952763
3170 7760405 6953950
3171 7761525 6963499
3172 7762569 6964379
3173 7763655 6965349
3174 7764612 6966086
3175 7765628 6966968
3176 7766414 6967605
3177 7767944 6971070
3178 7769167 6971981
3179 7770771 6973237
3180 7771863 6974031
3181 7773147 6975171
3182 7774616 6976258
3183 7776107 6977758
3184 7777418 6978649
3185 7778929 6979903
3186 7780277 6980888
3187 7781530 6981774
3188 7782716 6982629
3189 7784051 6983725
3190 7785460 6984812
3191 7787022 6986554
3192 7788738 6987629
3193 7790014 6988438
3194 7791238 6989393
3195 7792283 6990159
3196 7793482 6991082
3197 7794533 6991827
3198 7795924 6992943
3199 7797370 6994095
3200 7798341 6994829
3201 7799521 6995716
3202 7800506 6996462
3203 7801753 6997960
3204 7802805 6998768
3205 7803980 7008881
3206 7805084 7009880
3207 7806321 7010767
3208 7807550 7011599
3209 7808736 7012539
3210 7810020 7013482
3211 7811177 7014317
3212 7812271 7015093
3213 7813576 7015987
3214 7814777 7016787
3215 7815903 7017618
3216 7817076 7018606
3217 7818172 7019409
3218 7819336 7020272
3219 7820417 7021068
3220 7821521 7022026
3221 7823157 7023548
3222 7824336 7024421
3223 7825890 7025536
3224 7827239 7026541
3225 7828580 7027522
3226 7829737 7028386
3227 7831065 7029465
3228 7832300 7030644
3229 7833472 7031512
3230 7834696 7032401
3231 7835820 7033213
3232 7836945 7034391
3233 7838148 7035246
3234 7839437 7036338
3235 7840571 7037129
3236 7841584 7038029
3237 7843103 7042441
3238 7844430 7043344
3239 7845928 7044542
3240 7847367 7045515
3241 7849246 7046638
3242 7850773 7047955
3243 7852296 7048973
3244 7853651 7049878
3245 7855076 7050673
3246 7856403 7051729
3247 7858335 7052787
3248 7859607 7053628
3249 7861532 7055628
3250 7863091 7056736
3251 7864443 7057592
3252 7865811 7058532
3253 7867298 7059543
3254 7868710 7060654
3255 7870418 7061721
3256 7872629 7063439
3257 7874346 7064637
3258 7875865 7065647
3259 7877442 7066729
3260 7878881 7067706
3261 7880282 7068706
3262 7881554 7069570
3263 7882966 7070527
3264 7884573 7071484
3265 7886164 7072470
3266 7888125 7073265
3267 7891009 7074879
3268 7893121 7075984
3269 7895195 7077167
3270 7897298 7078271
3271 7898729 7079471
3272 7900168 7080518
3273 7901321 7081352
3274 7902905 7082184
3275 7904185 7083126
3276 7906175 7084093
3277 7908032 7085932
3278 7909245 7086752
3279 7910426 7088092
3280 7911530 7089185
3281 7912926 7091961
3282 7914917 7094180
3283 7916635 7096295
3284 7918399 7098693
3285 7919964 7100709
3286 7921647 7102436
3287 7923370 7103936
3288 7925061 7105143
3289 7926706 7107119
3290 7928313 7108780
3291 7929850 7110261
3292 7931381 7111666
3293 7933100 7112992
3294 7934650 7114076
3295 7936054 7115046
3296 7937640 7116249
3297 7939435 7117734
3298 7941744 7119139
3299 7943468 7120197
3300 7945007 7121271
3301 7946438 7122220
3302 7947979 7123232
3303 7949991 7124712
3304 7951633 7126025
3305 7953116 7127084
3306 7954702 7128800
3307 7956861 7129963
3308 7958277 7130911
3309 7960074 7132252
3310 7961514 7133323
3311 7963355 7134777
3312 7964959 7136021
3313 7966444 7137085
3314 7967864 7138055
3315 7969340 7139644
3316 7970983 7140874
3317 7972414 7141850
3318 7974231 7143467
3319 7975602 7144383
3320 7977140 7145546
3321 7978518 7146470
3322 7979868 7147482
3323 7981799 7148548
3324 7983206 7149441
3325 7984453 7150330
3326 7986245 7152167
3327 8001634 7154926
3328 8004732 7155965
3329 8007789 7157566
3330 8011260 7158969
3331 8012837 7160310
3332 8014456 7162835
3333 8015907 7164253
3334 8017449 7165700
3335 8019341 7166838
3336 8020847 7167736
3337 8022230 7168792
3338 8023975 7170011
3339 8026168 7171201
3340 8027841 7173257
3341 8029585 7175050
3342 8031173 7176498
3343 8032849 7177986
3344 8035512 7179378
3345 8037391 7180814
3346 8038840 7181923
3347 8040278 7183027
3348 8041786 7184125
3349 8043178 7185056
3350 8044525 7186299
3351 8046364 7187494
3352 8047797 7188528
3353 8049607 7189682
3354 8050938 7190620
3355 8052576 7191611
3356 8054113 7192611
3357 8055545 7193533
3358 8056832 7194400
3359 8058270 7195582
3360 8059877 7196740
3361 8061373 7197969
3362 8062797 7198989
3363 8064331 7200279
3364 8065688 7201198
3365 8066934 7202315
3366 8068117 7203151
3367 8069367 7204069
3368 8070443 7205196
3369 8071720 7206144
3370 8073066 7207260
3371 8074267 7208085
3372 8075447 7208970
3373 8076518 7209736
3374 8077787 7210725
3375 8079060 7211624
3376 8079984 7212524
3377 8081075 7213794
3378 8082244 7214766
3379 8083232 7215532
3380 8084517 7217434
3381 8085647 7218275
3382 8086949 7219444
3383 8088231 7220423
3384 8089445 7221354
3385 8090603 7222255
3386 8091731 7223086
3387 8092870 7224042
3388 8094654 7225039
3389 8096041 7225845
3390 8097323 7226796
3391 8098615 7227827
3392 8099900 7228687
3393 8101185 7229673
3394 8102275 7230685
3395 8103450 7231444
3396 8105002 7232557
3397 8106323 7233865
3398 8107358 7234823
3399 8108512 7235714
3400 8109658 7236602
3401 8110743 7237775
3402 8112355 7239368
3403 8113364 7240251
3404 8114829 7241580
3405 8115993 7242467
3406 8117237 7243601
3407 8118468 7244489
3408 8119625 7245391
3409 8120785 7246534
3410 8122120 7247933
3411 8124009 7249112
3412 8125206 7250015
3413 8126607 7250850
3414 8127794 7251927
3415 8128857 7252799
3416 8130036 7254290
3417 8131193 7255158
3418 8132341 7256312
3419 8133762 7257466
3420 8134917 7258331
3421 8135990 7259153
3422 8137026 7260085
3423 8137932 7260795
3424 8139185 7262255
3425 8140413 7263249
3426 8141717 7264173
3427 8142966 7265186
3428 8144163 7266110
3429 8145312 7266982
3430 8146741 7268063
3431 8148125 7269261
3432 8149448 7270346
3433 8150657 7271314
3434 8152157 7272507
3435 8153431 7273402
3436 8154610 7274308
3437 8155741 7275200
3438 8157023 7276410
3439 8158361 7277572
3440 8159913 7278832
3441 8161112 7279767
3442 8163025 7281083
3443 8164368 7282085
3444 8165566 7282938
3445 8166888 7283760
3446 8169260 7284588
3447 8170585 7285243
3448 8172347 7286505
3449 8173539 7287407
3450 8175009 7288567
3451 8176176 7289717
3452 8177453 7290711
3453 8178788 7291707
3454 8179906 7292589
3455 8181055 7293442
3456 8182051 7294255
3457 8183515 7296154
3458 8185096 7297294
3459 8186732 7298290
3460 8188174 7299139
3461 8189401 7300034
3462 8190608 7301132
3463 8192241 7302562
3464 8193954 7303627
3465 8194975 7304366
3466 8196516 7305681
3467 8197714 7306558
3468 8198942 7307330
3469 8200167 7308193
3470 8201939 7309169
3471 8202986 7309932
3472 8204067 7310955
3473 8205233 7311865
3474 8206268 7312660
3475 8207398 7313789
3476 8208791 7314883
3477 8210042 7315794
3478 8211050 7316574
3479 8212413 7317678
3480 8213787 7318759
3481 8215410 7320168
3482 8216660 7321085
3483 8218035 7322242
3484 8219248 7323185
3485 8220200 7323900
3486 8221341 7324920
3487 8222539 7325777
3488 8223680 7326688
3489 8224806 7327554
3490 8225733 7328259
3491 8226818 7329148
3492 8227797 7329893
3493 8228997 7330832
3494 8229973 7331567
3495 8231054 7332371
3496 8232143 7333255
3497 8233101 7334004
3498 8234134 7334904
3499 8235287 7335827
3500 8236220 7336578
3501 8237252 7337411
3502 8238460 7338401
3503 8239227 7339037
3504 8240453 7340293
3505 8242063 7341475
3506 8243167 7342215
3507 8244426 7343210
3508 8246131 7344428
3509 8247519 7345480
3510 8248485 7346209
3511 8249595 7347016
3512 8250901 7348045
3513 8251947 7348825
3514 8252993 7349733
3515 8254197 7350710
3516 8255321 7351523
3517 8256581 7352568
3518 8257596 7353360
3519 8258880 7354354
3520 8259863 7355066
3521 8260866 7355818
3522 8262098 7357037
3523 8263146 7357899
3524 8264475 7359825
3525 8265658 7360799
3526 8266811 7361940
3527 8267940 7362747
3528 8269056 7363531
3529 8270520 7364446
3530 8271999 7365539
3531 8273200 7366423
3532 8274518 7367417
3533 8275741 7368294
3534 8276884 7369212
3535 8277961 7370134
3536 8279090 7370965
3537 8280338 7372171
3538 8281632 7373222
3539 8282727 7374049
3540 8283925 7374813
3541 8285323 7376092
3542 8286509 7377018
3543 8287568 7377842
3544 8288787 7378777
3545 8290510 7379966
3546 8291765 7381374
3547 8292936 7382344
3548 8294234 7383344
3549 8295312 7384144
3550 8296657 7385201
3551 8297611 7385952
3552 8299057 7387419
3553 8300343 7388481
3554 8301825 7389382
3555 8302985 7390261
3556 8304109 7391108
3557 8305360 7392077
3558 8306452 7392883
3559 8307530 7393697
3560 8308758 7394677
3561 8309862 7395558
3562 8311469 7396995
3563 8312747 7397880
3564 8313980 7398947
3565 8315101 7399767
3566 8316295 7400592
3567 8317634 7401625
3568 8318675 7402583
3569 8319949 7403571
3570 8320907 7404344
3571 8322072 7405219
3572 8323790 7406794
3573 8324922 7407579
3574 8326100 7408498
3575 8327230 7409258
3576 8328389 7410074
3577 8329539 7410859
3578 8330780 7411722
3579 8332089 7412782
3580 8333367 7413725
3581 8334578 7414555
3582 8335708 7415356
3583 8336927 7416505
3584 8339167 7417330
3585 8340704 7418603
3586 8341929 7419486
3587 8343052 7420282
3588 8344318 7421164
3589 8345516 7422388
3590 8346846 7423343
3591 8348190 7425098
3592 8349685 7426382
3593 8350763 7427158
3594 8351845 7428033
3595 8353228 7428884
3596 8354356 7429793
3597 8355644 7430730
3598 8356735 7431489
3599 8357973 7432436
3600 8358979 7442141
3601 8360109 7443436
3602 8361406 7444434
3603 8362617 7445212
3604 8363703 7447342
3605 8364667 7448212
3606 8365788 7449146
3607 8366985 7450370
3608 8367951 7451158
3609 8369172 7452203
3610 8370248 7453000
3611 8372008 7454092
3612 8372812 7454767
3613 8374089 7456516
3614 8375429 7458115
3615 8376602 7459149
3616 8378326 7460428
3617 8379528 7461281
3618 8380536 7462072
3619 8381569 7462872
3620 8382789 7463982
3621 8383979 7464980
3622 8385033 7465835
3623 8386148 7466661
3624 8387274 7467492
3625 8388488 7468538
3626 8389492 7469601
3627 8390504 7470701
3628 8391770 7471791
3629 8392827 7472613
3630 8394103 7473605
3631 8395114 7474436
3632 8396117 7475279
3633 8397258 7476670
3634 8398510 7477753
3635 8399555 7478618
3636 8400743 7479558
3637 8401755 7480409
3638 8402842 7481377
3639 8403906 7482291
3640 8404900 7483258
3641 8405896 7484061
3642 8407146 7485647
3643 8408322 7486585
3644 8409423 7487488
3645 8410623 7488646
3646 8411877 7489487
3647 8412804 7490284
3648 8413853 7491222
3649 8414948 7492153
3650 8415950 7492924
3651 8416940 7493771
3652 8417857 7494506
3653 8418887 7495612
3654 8419979 7496804
3655 8420900 7497521
3656 8421910 7498362
3657 8423139 7499259
3658 8424132 7500024
3659 8425327 7501245
3660 8426189 7502009
3661 8427127 7502882
3662 8428474 7504926
3663 8429796 7505995
3664 8431249 7506979
3665 8432544 7508003
3666 8434095 7509322
3667 8435541 7510608
3668 8436903 7511566
3669 8438200 7512498
3670 8439471 7513389
3671 8440979 7514667
3672 8442321 7515758
3673 8443659 7517184
3674 8445189 7518621
3675 8446399 7519479
3676 8447722 7520450
3677 8449712 7521490
3678 8451055 7522566
3679 8452385 7523521
3680 8453745 7524501
3681 8455147 7525601
3682 8456284 7526598
3683 8457633 7527639
3684 8459057 7528670
3685 8460820 7529727
3686 8462174 7530648
3687 8463812 7531833
3688 8465177 7532781
3689 8466485 7533711
3690 8467540 7534488
3691 8468721 7535371
3692 8470117 7536428
3693 8471301 7537635
3694 8472575 7538615
3695 8473928 7539810
3696 8475045 7540658
3697 8476290 7541538
3698 8477492 7542560
3699 8478771 7543683
3700 8480013 7544599
3701 8481128 7545463
3702 8482508 7546658
3703 8483662 7547772
3704 8484813 7548748
3705 8486127 7549905
3706 8487281 7550802
3707 8488659 7552310
3708 8489958 7553281
3709 8491115 7554095
3710 8492265 7554978
3711 8493453 7556063
3712 8494571 7556926
3713 8495816 7558103
3714 8497137 7559209
3715 8498296 7560134
3716 8499318 7560934
3717 8500424 7561849
3718 8501477 7562694
3719 8502388 7563490
3720 8503478 7564362
3721 8504658 7565338
3722 8505645 7566119
3723 8506728 7567001
3724 8507590 7567728
3725 8508707 7568769
3726 8510008 7569625
3727 8511125 7570648
3728 8512309 7571519
3729 8513471 7573060
3730 8515014 7574069
3731 8516418 7575173
3732 8517691 7576058
3733 8518676 7576843
3734 8519840 7577998
3735 8520875 7578834
3736 8521946 7579740
3737 8523216 7580745
3738 8524398 7581661
3739 8525429 7582501
3740 8526374 7583288
3741 8527383 7584213
3742 8528399 7585121
3743 8529469 7586020
3744 8530521 7586907
3745 8531527 7587711
3746 8532319 7588419
3747 8533340 7590058
3748 8534665 7591085
3749 8535685 7591913
3750 8537006 7593361
3751 8538207 7594263
3752 8539506 7596045
3753 8540761 7597075
3754 8542348 7598421
3755 8543552 7599376
3756 8544720 7600461
3757 8545983 7601456
3758 8546971 7602229
3759 8547965 7603352
3760 8548941 7604135
3761 8550128 7605144
3762 8551567 7606500
3763 8552475 7607230
3764 8553472 7608404
3765 8554628 7609381
3766 8555742 7610266
3767 8557143 7611519
3768 8558374 7612535
3769 8559444 7613595
3770 8560469 7614447
3771 8561424 7615689
3772 8562504 7616598
3773 8563425 7617382
3774 8564367 7618217
3775 8565488 7619187
3776 8566487 7619901
3777 8567375 7620643
3778 8568527 7621493
3779 8569462 7622272
3780 8570689 7625175
3781 8571828 7625938
3782 8573188 7627442
3783 8574359 7628492
3784 8575638 7629403
3785 8577165 7630769
3786 8578483 7631668
3787 8579723 7632563
3788 8580957 7633430
3789 8582236 7634377
3790 8583571 7635794
3791 8585070 7637222
3792 8587161 7638441
3793 8588827 7639983
3794 8590349 7641390
3795 8591556 7642282
3796 8592896 7643909
3797 8594553 7645372
3798 8596059 7646437
3799 8597687 7647661
3800 8599275 7649176
3801 8600924 7650908
3802 8602300 7651930
3803 8603884 7654172
3804 8605150 7655101
3805 8606496 7656356
3806 8607891 7657401
3807 8608842 7658130
3808 8610864 7660665
3809 8612406 7662003
3810 8613815 7662958
3811 8615390 7664242
3812 8616744 7665862
3813 8618063 7667703
3814 8619557 7668751
3815 8621076 7669820
3816 8622173 7670588
3817 8623582 7671691
3818 8624882 7672667
3819 8625944 7673435
3820 8627175 7674303
3821 8628498 7675917
3822 8629461 7676609
3823 8630608 7678246
3824 8632098 7679994
3825 8633438 7681177
3826 8634721 7682456
3827 8636252 7683689
3828 8637649 7685432
3829 8639337 7686683
3830 8640613 7687731
3831 8641776 7688545
3832 8642998 7689556
3833 8644076 7690503
3834 8645298 7691512
3835 8646611 7692516
3836 8648103 7693876
3837 8649547 7694913
3838 8650570 7695686
3839 8652014 7696695
3840 8653794 7698077
3841 8654925 7699229
3842 8656442 7701295
3843 8657822 7702260
3844 8659264 7703536
3845 8661009 7705448
3846 8662487 7706532
3847 8663967 7707749
3848 8665186 7708871
3849 8666725 7710504
3850 8667917 7711344
3851 8669330 7712682
3852 8670986 7714517
3853 8672268 7715662
3854 8673539 7717158
3855 8675078 7719323
3856 8676679 7720232
3857 8677932 7721505
3858 8679065 7722335
3859 8680224 7723847
3860 8681745 7725169
3861 8682884 7725928
3862 8684343 7727262
3863 8685794 7728300
3864 8687255 7729332
3865 8688665 7730243
3866 8690022 7731255
3867 8691169 7732058
3868 8692618 7733095
3869 8693917 7734116
3870 8695669 7735653
3871 8696979 7736620
3872 8698294 7737720
3873 8699711 7738738
3874 8700905 7739580
3875 8702094 7740445
3876 8703116 7741237
3877 8704405 7742525
3878 8705817 7743964
3879 8707221 7745185
3880 8708132 7745869
3881 8709455 7749008
3882 8710673 7750027
3883 8712132 7751236
3884 8713545 7752233
3885 8714700 7753269
3886 8715820 7754349
3887 8717096 7755283
3888 8718501 7756419
3889 8719691 7757514
3890 8720587 7758206
3891 8721861 7760324
3892 8723479 7761851
3893 8724925 7762895
3894 8726343 7764020
3895 8727908 7765270
3896 8729108 7766754
3897 8730227 7767858
3898 8731529 7769154
3899 8732688 7770252
3900 8733849 7771104
3901 8734983 7772032
3902 8736117 7772851
3903 8737194 7773933
3904 8738400 7775038
3905 8739735 7776283
3906 8741209 7777570
3907 8742369 7778397
3908 8743522 7779265
3909 8745109 7780400
3910 8746221 7781260
3911 8747192 7781998
3912 8748299 7782833
3913 8749458 7783726
3914 8750638 7784860
3915 8751781 7785859
3916 8752820 7786885
3917 8754034 7787971
3918 8755672 7788847
3919 8756887 7789752
3920 8758007 7790604
3921 8759005 7791739
3922 8759916 7792497
3923 8761025 7793472
3924 8761847 7794167
3925 8762823 7795052
3926 8763841 7795924
3927 8764922 7796681
3928 8765790 7797402
3929 8766932 7798350
3930 8767942 7799184
3931 8769021 7800284
3932 8770152 7801378
3933 8771180 7802261
3934 8772785 7804056
3935 8773959 7804973
3936 8775054 7806340
3937 8776705 7807760
3938 8778013 7808798
3939 8779202 7809837
3940 8780336 7810712
3941 8781494 7811635
3942 8782445 7812452
3943 8783739 7814716
3944 8785215 7815671
3945 8786372 7816711
3946 8787760 7818312
3947 8789148 7819455
3948 8790482 7820471
3949 8792003 7821768
3950 8793355 7822747
3951 8794700 7823907
3952 8795966 7825049
3953 8797412 7826211
3954 8798494 7827056
3955 8799683 7828337
3956 8800580 7829057
3957 8801926 7830673
3958 8803210 7831682
3959 8804471 7832813
3960 8805487 7833661
3961 8806654 7834846
3962 8807893 7835930
3963 8809139 7836962
3964 8810128 7837799
3965 8811118 7838620
3966 8811975 7839339
3967 8813254 7840999
3968 8814134 7841768
3969 8815092 7842684
3970 8816552 7844279
3971 8817813 7845433
3972 8819185 7847454
3973 8820602 7848645
3974 8821721 7850541
3975 8822813 7851393
3976 8823947 7852827
3977 8825190 7854068
3978 8826555 7855237
3979 8827628 7856172
3980 8828687 7857262
3981 8830352 7859787
3982 8831426 7860679
3983 8832487 7861547
3984 8833854 7862787
3985 8835045 7863857
3986 8836088 7865483
3987 8837123 7866474
3988 8838997 7867735
3989 8840103 7868603
3990 8841121 7869400
3991 8842174 7870390
3992 8843337 7871425
3993 8846982 7872304
3994 8848704 7873327
3995 8849783 7874222
3996 8850492 7874864
